             o  ,    o  ,                                                                              Astronomical Applications Dept.
Location: E039 27, N23 06                         Rise and Set for the Moon for 2004                   U. S. Naval Observatory        
                                                                                                       Washington, DC  20392-5420     
                                                      Zone:  2h East of Greenwich                                                     
                                                                                                                                      
                                                                                                                                      
       Jan.       Feb.       Mar.       Apr.       May        June       July       Aug.       Sept.      Oct.       Nov.       Dec.  
Day Rise  Set  Rise  Set  Rise  Set  Rise  Set  Rise  Set  Rise  Set  Rise  Set  Rise  Set  Rise  Set  Rise  Set  Rise  Set  Rise  Set
     h m  h m   h m  h m   h m  h m   h m  h m   h m  h m   h m  h m   h m  h m   h m  h m   h m  h m   h m  h m   h m  h m   h m  h m
01  1226 0039  1252 0201  1221 0139  1352 0241  1430 0228  1619 0249  1726 0307  1901 0517  1923 0707  1903 0741  1952 0913  2024 0933
02  1259 0130  1339 0255  1314 0231  1450 0320  1529 0303  1729 0335  1834 0412  1943 0624  1957 0803  1942 0837  2044 1005  2118 1015
03  1335 0222  1431 0348  1411 0320  1549 0357  1630 0339  1841 0428  1935 0521  2020 0726  2031 0858  2024 0933  2138 1053  2212 1052
04  1414 0315  1526 0439  1509 0405  1647 0433  1735 0417  1951 0528  2027 0632  2054 0825  2108 0953  2110 1028  2232 1138  2305 1126
05  1458 0409  1624 0527  1608 0447  1748 0509  1844 0500  2054 0635  2111 0740  2127 0921  2147 1048  2200 1122  2327 1218  2358 1159
06  1547 0503  1722 0611  1706 0526  1850 0546  1954 0549  2149 0745  2150 0843  2200 1016  2231 1144  2253 1213       1254       1231
07  1639 0556  1820 0651  1804 0602  1956 0626  2104 0645  2236 0852  2224 0942  2235 1109  2318 1238  2348 1300  0021 1328  0052 1303
08  1735 0646  1917 0729  1903 0637  2103 0711  2209 0748  2316 0956  2257 1038  2312 1203       1331       1343  0116 1401  0148 1338
09  1832 0732  2014 0804  2002 0713  2212 0801  2307 0854  2352 1056  2329 1131  2352 1258  0010 1420  0044 1422  0211 1434  0248 1417
10  1929 0814  2111 0838  2104 0750  2317 0858  2357 1001       1152       1224       1352  0104 1506  0139 1458  0307 1509  0353 1503
11  2026 0852  2210 0913  2208 0831       1000       1105  0025 1245  0002 1317  0037 1446  0200 1547  0235 1532  0407 1547  0502 1556
12  2122 0928  2311 0951  2314 0916  0018 1105  0039 1205  0056 1337  0036 1410  0126 1537  0256 1625  0330 1605  0510 1629  0613 1658
13  2218 1002       1032       1007  0111 1209  0117 1302  0128 1429  0114 1505  0219 1626  0351 1701  0426 1639  0618 1718  0723 1806
14  2315 1037  0015 1119  0020 1105  0158 1311  0150 1356  0201 1522  0156 1559  0313 1710  0447 1735  0524 1715  0727 1815  0826 1917
15       1113  0121 1212  0123 1207  0238 1410  0222 1448  0236 1615  0242 1652  0409 1750  0542 1808  0625 1754  0837 1918  0920 2026
16  0015 1151  0227 1312  0222 1311  0314 1506  0253 1540  0315 1710  0332 1742  0505 1827  0638 1842  0729 1838  0941 2026  1007 2132
17  0118 1235  0330 1416  0313 1416  0348 1600  0325 1633  0358 1804  0425 1829  0600 1901  0736 1918  0836 1929  1038 2134  1047 2232
18  0225 1325  0428 1523  0358 1518  0420 1653  0359 1726  0445 1856  0520 1912  0655 1934  0836 1958  0944 2027  1127 2239  1122 2330
19  0333 1423  0518 1628  0438 1617  0451 1745  0436 1820  0536 1945  0616 1950  0749 2007  0940 2043  1049 2130  1210 2340  1156     
20  0441 1527  0602 1730  0514 1713  0524 1839  0516 1915  0630 2031  0711 2026  0845 2041  1045 2134  1149 2236  1247       1228 0024
21  0544 1635  0641 1829  0547 1807  0559 1932  0600 2008  0725 2112  0805 2100  0942 2117  1151 2233  1242 2342  1321 0038  1301 0118
22  0640 1742  0716 1925  0619 1901  0637 2027  0649 2100  0820 2150  0859 2132  1042 2158  1255 2337  1328       1354 0134  1336 0212
23  0729 1847  0749 2019  0652 1954  0718 2121  0741 2148  0915 2224  0953 2205  1146 2245  1353       1409 0045  1426 0228  1414 0307
24  0810 1948  0822 2112  0725 2047  0804 2214  0835 2232  1009 2258  1049 2240  1252 2340  1445 0043  1445 0146  1459 0322  1455 0403
25  0847 2044  0854 2204  0801 2141  0854 2305  0930 2313  1103 2331  1148 2318  1359       1530 0150  1519 0243  1535 0417  1541 0458
26  0921 2138  0929 2258  0840 2236  0948 2352  1026 2350  1159       1250       1502 0041  1609 0253  1552 0339  1614 0513  1631 0552
27  0953 2231  1006 2351  0924 2330  1043       1121       1257 0005  1356 0001  1600 0148  1646 0354  1625 0434  1658 0609  1724 0643
28  1025 2322  1046       1011       1139 0035  1216 0025  1359 0042  1505 0052  1651 0257  1720 0453  1700 0529  1745 0704  1818 0730
29  1057       1131 0046  1103 0022  1236 0115  1313 0058  1505 0123  1613 0151  1735 0404  1753 0549  1737 0625  1836 0758  1912 0813
30  1132 0014             1158 0112  1333 0152  1411 0133  1615 0211  1716 0257  1814 0508  1827 0645  1818 0721  1930 0848  2006 0851
31  1210 0107             1255 0158             1513 0209             1813 0407  1849 0609             1903 0818             2058 0926

             o  ,    o  ,                                                                              Astronomical Applications Dept.
Location: E039 27, N23 06                         Rise and Set for the Moon for 2005                   U. S. Naval Observatory        
                                                                                                       Washington, DC  20392-5420     
                                                      Zone:  2h East of Greenwich                                                     
                                                                                                                                      
                                                                                                                                      
       Jan.       Feb.       Mar.       Apr.       May        June       July       Aug.       Sept.      Oct.       Nov.       Dec.  
Day Rise  Set  Rise  Set  Rise  Set  Rise  Set  Rise  Set  Rise  Set  Rise  Set  Rise  Set  Rise  Set  Rise  Set  Rise  Set  Rise  Set
     h m  h m   h m  h m   h m  h m   h m  h m   h m  h m   h m  h m   h m  h m   h m  h m   h m  h m   h m  h m   h m  h m   h m  h m
01  2150 0959  2322 1008  2216 0845       1000  0010 1111  0049 1308  0033 1354  0121 1535  0250 1632  0321 1611  0441 1616  0527 1618
02  2242 1030       1045  2318 0925  0024 1105  0056 1215  0122 1405  0110 1451  0213 1626  0344 1707  0412 1640  0538 1654  0633 1714
03  2336 1101  0022 1128       1012  0121 1212  0136 1317  0156 1501  0151 1549  0306 1713  0436 1738  0503 1711  0639 1737  0738 1818
04       1134  0127 1218  0023 1106  0212 1319  0212 1416  0231 1559  0235 1645  0401 1754  0527 1809  0556 1742  0743 1828  0839 1925
05  0032 1210  0235 1317  0128 1208  0256 1423  0247 1514  0310 1657  0325 1739  0456 1831  0617 1838  0650 1817  0847 1925  0934 2033
06  0132 1250  0342 1424  0230 1315  0336 1525  0321 1611  0352 1755  0417 1829  0548 1905  0708 1908  0748 1856  0949 2029  1021 2139
07  0237 1338  0444 1535  0327 1424  0413 1625  0355 1709  0439 1851  0512 1914  0640 1936  0801 1941  0848 1941  1047 2135  1103 2242
08  0346 1434  0540 1646  0417 1533  0448 1724  0432 1807  0530 1944  0606 1954  0730 2006  0855 2016  0951 2033  1138 2241  1140 2342
09  0457 1539  0628 1755  0501 1638  0523 1823  0513 1906  0623 2033  0700 2030  0820 2035  0953 2056  1054 2131  1222 2346  1215     
10  0604 1650  0711 1900  0541 1741  0559 1921  0557 2004  0718 2116  0753 2103  0911 2106  1054 2143  1155 2236  1302       1249 0041
11  0704 1803  0748 2001  0617 1841  0637 2020  0645 2100  0813 2155  0844 2133  1004 2139  1158 2238  1250 2342  1339 0047  1325 0139
12  0756 1913  0824 2059  0652 1940  0719 2119  0737 2152  0906 2230  0934 2203  1100 2216  1301 2339  1340       1414 0148  1402 0238
13  0840 2018  0858 2157  0728 2039  0805 2216  0832 2238  0958 2302  1025 2233  1200 2259  1402       1424 0049  1449 0247  1444 0338
14  0919 2119  0933 2253  0805 2137  0855 2310  0926 2320  1049 2333  1117 2305  1304 2350  1457 0047  1503 0154  1526 0347  1530 0439
15  0955 2217  1010 2350  0844 2235  0947 2359  1021 2357  1140       1212 2340  1410       1546 0156  1540 0258  1606 0448  1620 0539
16  1028 2312  1050       0927 2332  1042       1114       1232 0003  1310       1515 0049  1630 0305  1616 0359  1649 0549  1715 0637
17  1102       1134 0046  1014       1136 0044  1206 0031  1327 0034  1414 0021  1615 0156  1709 0412  1653 0501  1738 0651  1811 0730
18  1136 0007  1221 0142  1104 0027  1231 0124  1258 0103  1425 0108  1521 0109  1709 0307  1746 0516  1732 0602  1831 0752  1908 0817
19  1213 0102  1312 0235  1157 0119  1324 0200  1351 0134  1528 0147  1629 0205  1757 0419  1823 0618  1813 0704  1926 0848  2002 0859
20  1253 0158  1406 0324  1252 0206  1417 0233  1445 0205  1635 0232  1734 0310  1839 0528  1900 0720  1859 0807  2022 0938  2055 0935
21  1338 0253  1501 0410  1347 0248  1509 0305  1542 0238  1744 0324  1833 0421  1917 0634  1940 0821  1949 0908  2118 1023  2146 1008
22  1426 0347  1555 0451  1441 0327  1603 0336  1643 0315  1851 0426  1923 0533  1953 0736  2023 0922  2043 1006  2212 1103  2236 1039
23  1518 0439  1649 0528  1534 0402  1659 0408  1749 0356  1953 0534  2007 0644  2029 0837  2109 1023  2138 1059  2304 1138  2326 1108
24  1613 0528  1742 0602  1627 0435  1758 0443  1857 0445  2047 0646  2047 0750  2107 0937  2200 1122  2234 1147  2355 1209       1137
25  1707 0612  1834 0634  1720 0506  1900 0521  2005 0541  2133 0756  2123 0852  2146 1037  2253 1217  2328 1229       1240  0016 1208
26  1801 0652  1927 0705  1814 0537  2006 0605  2108 0645  2213 0902  2158 0952  2230 1136  2348 1307       1306  0045 1309  0110 1242
27  1854 0728  2021 0736  1910 0610  2113 0656  2205 0753  2250 1004  2233 1050  2317 1235       1352  0021 1339  0136 1339  0206 1320
28  1947 0801  2117 0809  2009 0645  2218 0754  2254 0902  2324 1103  2310 1148       1331  0043 1432  0113 1411  0228 1412  0307 1404
29  2038 0832             2111 0725  2317 0857  2336 1009  2358 1201  2350 1246  0008 1423  0137 1507  0204 1441  0324 1448  0412 1457
30  2131 0903             2216 0810       1004       1112       1257       1344  0101 1511  0230 1540  0255 1511  0424 1529  0519 1558
31  2225 0934             2321 0901             0014 1211             0033 1441  0156 1554             0347 1542             0623 1706

             o  ,    o  ,                                                                              Astronomical Applications Dept.
Location: E039 27, N23 06                         Rise and Set for the Moon for 2006                   U. S. Naval Observatory        
                                                                                                       Washington, DC  20392-5420     
                                                      Zone:  2h East of Greenwich                                                     
                                                                                                                                      
                                                                                                                                      
       Jan.       Feb.       Mar.       Apr.       May        June       July       Aug.       Sept.      Oct.       Nov.       Dec.  
Day Rise  Set  Rise  Set  Rise  Set  Rise  Set  Rise  Set  Rise  Set  Rise  Set  Rise  Set  Rise  Set  Rise  Set  Rise  Set  Rise  Set
     h m  h m   h m  h m   h m  h m   h m  h m   h m  h m   h m  h m   h m  h m   h m  h m   h m  h m   h m  h m   h m  h m   h m  h m
01  0722 1816  0812 2023  0641 1905  0710 2100  0729 2148  0906 2241  0934 2215  1046 2214  1223 2301  1304 2352  1352 0052  1340 0146
02  0814 1926  0848 2124  0718 2008  0757 2204  0826 2241  1000 2315  1023 2243  1139 2250  1323 2359  1354       1429 0155  1420 0249
03  0859 2032  0925 2225  0756 2112  0848 2305  0925 2328  1052 2346  1112 2312  1236 2331  1421       1439 0058  1507 0258  1505 0355
04  0939 2135  1002 2325  0836 2215  0942       1022       1141       1202 2343  1335       1515 0103  1520 0204  1546 0402  1556 0502
05  1016 2235  1041       0919 2317  1039 0000  1117 0009  1231 0015  1255       1437 0019  1604 0211  1559 0309  1630 0508  1653 0610
06  1051 2334  1124 0026  1006       1136 0050  1209 0044  1321 0044  1350 0017  1538 0115  1648 0319  1637 0414  1719 0616  1755 0713
07  1126       1211 0126  1057 0018  1231 0133  1300 0116  1412 0114  1450 0055  1636 0218  1729 0426  1716 0519  1813 0725  1857 0811
08  1202 0033  1303 0225  1152 0115  1325 0211  1349 0146  1507 0146  1552 0140  1729 0325  1807 0532  1757 0625  1912 0831  1958 0900
09  1242 0132  1357 0320  1247 0207  1416 0245  1439 0215  1605 0222  1655 0233  1816 0435  1846 0637  1843 0733  2013 0931  2055 0943
10  1326 0232  1453 0410  1343 0253  1506 0316  1529 0244  1706 0303  1756 0333  1858 0543  1925 0742  1933 0840  2113 1024  2149 1020
11  1415 0331  1549 0454  1438 0334  1556 0345  1622 0315  1809 0352  1851 0439  1937 0649  2007 0847  2029 0947  2211 1109  2241 1052
12  1507 0429  1643 0534  1530 0411  1646 0414  1718 0349  1911 0448  1941 0547  2014 0753  2053 0953  2127 1048  2306 1148  2330 1122
13  1603 0523  1735 0609  1621 0443  1737 0443  1817 0426  2009 0550  2024 0655  2051 0855  2144 1058  2226 1144  2358 1223       1151
14  1659 0612  1825 0641  1711 0514  1831 0515  1919 0510  2100 0656  2103 0801  2130 0958  2239 1200  2325 1232       1254  0019 1220
15  1755 0656  1915 0711  1801 0543  1927 0550  2021 0601  2146 0803  2140 0904  2212 1101  2336 1258       1314  0048 1323  0109 1250
16  1848 0734  2004 0740  1851 0611  2026 0629  2120 0658  2227 0908  2216 1005  2258 1204       1349  0020 1350  0137 1351  0200 1323
17  1940 0808  2054 0808  1942 0641  2127 0714  2215 0800  2304 1010  2252 1105  2349 1307  0034 1435  0114 1422  0226 1420  0254 1400
18  2030 0839  2146 0839  2036 0713  2228 0806  2304 0905  2339 1111  2331 1206       1407  0131 1514  0204 1452  0317 1452  0350 1442
19  2119 0908  2241 0912  2133 0749  2325 0904  2347 1011       1211       1308  0044 1502  0226 1549  0254 1521  0409 1526  0450 1531
20  2208 0937  2339 0949  2232 0829       1007       1114  0015 1310  0014 1410  0142 1551  0318 1620  0343 1550  0504 1604  0549 1627
21  2259 1007       1032  2333 0916  0018 1112  0026 1216  0052 1412  0101 1512  0240 1635  0408 1650  0432 1619  0602 1649  0647 1728
22  2353 1038  0040 1122       1010  0105 1218  0103 1316  0132 1514  0153 1611  0336 1713  0458 1718  0523 1651  0701 1740  0741 1831
23       1113  0143 1220  0034 1111  0148 1322  0138 1417  0216 1618  0250 1705  0430 1746  0547 1747  0616 1726  0800 1836  0830 1936
24  0050 1153  0245 1326  0131 1216  0227 1425  0215 1518  0306 1720  0348 1753  0522 1817  0636 1817  0711 1806  0855 1937  0913 2038
25  0152 1241  0343 1435  0223 1324  0304 1527  0253 1622  0400 1819  0446 1835  0612 1846  0727 1849  0809 1852  0946 2040  0952 2140
26  0256 1337  0434 1545  0310 1431  0341 1630  0336 1726  0458 1911  0542 1912  0701 1915  0821 1925  0907 1944  1032 2143  1028 2239
27  0401 1441  0521 1654  0353 1537  0419 1734  0423 1831  0557 1958  0636 1945  0750 1944  0917 2007  1005 2041  1113 2244  1103 2339
28  0503 1550  0602 1801  0432 1642  0500 1839  0515 1933  0655 2038  0727 2015  0840 2014  1014 2054  1059 2143  1151 2345  1139     
29  0559 1702             0510 1746  0545 1945  0612 2030  0751 2113  0817 2044  0932 2048  1113 2148  1149 2246  1227       1217 0040
30  0649 1812             0548 1850  0635 2049  0711 2120  0843 2145  0906 2113  1026 2126  1210 2248  1233 2349  1303 0045  1259 0143
31  0732 1919             0627 1955             0810 2204             0955 2142  1123 2210             1314                  1346 0247

             o  ,    o  ,                                                                              Astronomical Applications Dept.
Location: E039 27, N23 06                         Rise and Set for the Moon for 2007                   U. S. Naval Observatory        
                                                                                                       Washington, DC  20392-5420     
                                                      Zone:  2h East of Greenwich                                                     
                                                                                                                                      
                                                                                                                                      
       Jan.       Feb.       Mar.       Apr.       May        June       July       Aug.       Sept.      Oct.       Nov.       Dec.  
Day Rise  Set  Rise  Set  Rise  Set  Rise  Set  Rise  Set  Rise  Set  Rise  Set  Rise  Set  Rise  Set  Rise  Set  Rise  Set  Rise  Set
     h m  h m   h m  h m   h m  h m   h m  h m   h m  h m   h m  h m   h m  h m   h m  h m   h m  h m   h m  h m   h m  h m   h m  h m
01  1440 0353  1629 0530  1519 0410  1642 0424  1708 0355  1843 0429  1914 0507  1953 0702  2023 0857  2052 1006  2251 1143  2329 1132
02  1538 0457  1727 0611  1614 0448  1731 0452  1801 0428  1938 0520  2000 0608  2029 0802  2110 1004  2153 1111  2349 1224       1203
03  1640 0557  1821 0648  1706 0521  1821 0522  1856 0504  2030 0616  2040 0710  2105 0902  2201 1111  2256 1210       1259  0020 1233
04  1742 0650  1913 0720  1757 0552  1913 0553  1952 0546  2118 0715  2118 0810  2143 1003  2259 1216  2358 1301  0043 1331  0110 1303
05  1841 0736  2003 0750  1846 0621  2006 0626  2049 0632  2201 0816  2153 0910  2225 1106       1318       1345  0134 1402  0200 1334
06  1938 0815  2052 0819  1936 0650  2102 0704  2143 0724  2240 0916  2228 1009  2312 1212  0000 1414  0057 1424  0225 1431  0252 1408
07  2031 0850  2142 0848  2026 0719  2158 0747  2233 0821  2316 1016  2304 1108       1318  0102 1503  0153 1458  0314 1501  0344 1445
08  2121 0921  2233 0919  2118 0751  2254 0835  2319 0921  2352 1115  2343 1209  0005 1423  0204 1545  0246 1529  0405 1533  0439 1527
09  2211 0951  2326 0951  2212 0826  2347 0929       1021       1214       1313  0104 1524  0302 1622  0338 1559  0456 1608  0534 1614
10  2300 1019       1028  2308 0905       1027  0001 1122  0027 1315  0027 1420  0207 1618  0358 1655  0428 1628  0550 1646  0628 1705
11  2350 1049  0021 1110       0950  0037 1128  0040 1222  0105 1418  0117 1527  0310 1705  0451 1726  0518 1659  0644 1729  0720 1800
12       1120  0119 1158  0005 1041  0123 1231  0117 1323  0146 1525  0213 1632  0412 1746  0542 1756  0609 1731  0739 1817  0808 1858
13  0042 1155  0218 1253  0102 1138  0205 1334  0153 1425  0233 1634  0315 1732  0511 1822  0633 1826  0701 1807  0832 1909  0852 1956
14  0137 1234  0315 1355  0155 1240  0244 1436  0230 1529  0327 1743  0420 1825  0606 1855  0723 1857  0755 1847  0923 2005  0932 2053
15  0235 1320  0408 1500  0245 1344  0322 1540  0311 1636  0428 1848  0524 1911  0658 1926  0815 1931  0850 1931  1010 2103  1008 2150
16  0334 1412  0457 1606  0331 1449  0359 1644  0356 1746  0532 1946  0625 1950  0749 1955  0907 2008  0944 2020  1052 2201  1043 2247
17  0434 1511  0542 1712  0413 1554  0439 1751  0447 1856  0637 2035  0722 2025  0840 2026  1002 2049  1037 2114  1132 2258  1117 2344
18  0530 1615  0622 1816  0452 1658  0522 1901  0545 2004  0740 2118  0816 2056  0931 2057  1057 2135  1127 2211  1208 2356  1152     
19  0622 1721  0700 1920  0530 1803  0610 2011  0647 2106  0839 2154  0908 2126  1022 2132  1152 2227  1213 2310  1244       1230 0044
20  0708 1827  0737 2023  0608 1908  0704 2120  0752 2159  0934 2227  0958 2156  1116 2211  1245 2324  1256       1319 0055  1312 0147
21  0750 1930  0815 2127  0649 2015  0803 2223  0855 2244  1026 2257  1048 2226  1211 2254  1335       1335 0010  1357 0156  1401 0254
22  0828 2032  0856 2232  0733 2124  0905 2320  0955 2323  1117 2327  1139 2259  1307 2344  1421 0023  1412 0110  1438 0259  1457 0404
23  0904 2133  0940 2338  0823 2231  1007       1051 2357  1206 2356  1232 2335  1403       1503 0125  1449 0211  1524 0407  1601 0514
24  0940 2234  1030       0917 2336  1108 0008  1144       1256       1326       1456 0039  1542 0227  1527 0313  1618 0518  1708 0620
25  1017 2336  1124 0042  1016       1205 0049  1234 0028  1348 0028  1423 0016  1545 0139  1620 0329  1607 0417  1719 0630  1817 0719
26  1058       1222 0143  1116 0034  1258 0125  1323 0057  1441 0102  1519 0103  1630 0241  1657 0432  1651 0524  1825 0739  1922 0809
27  1143 0040  1322 0239  1216 0126  1349 0157  1413 0126  1537 0140  1615 0156  1711 0344  1736 0535  1741 0634  1933 0841  2022 0851
28  1233 0145  1422 0328  1314 0211  1439 0227  1503 0156  1634 0223  1707 0254  1750 0447  1817 0640  1838 0746  2038 0934  2119 0928
29  1329 0248             1410 0249  1528 0255  1555 0228  1731 0313  1754 0355  1827 0549  1903 0748  1940 0856  2139 1019  2212 1002
30  1428 0348             1502 0323  1617 0324  1650 0304  1825 0408  1837 0458  1903 0651  1955 0857  2045 1000  2236 1058  2303 1033
31  1529 0442             1553 0354             1746 0344             1917 0600  1942 0753             2150 1056             2354 1103

             o  ,    o  ,                                                                              Astronomical Applications Dept.
Location: E039 27, N23 06                         Rise and Set for the Moon for 2008                   U. S. Naval Observatory        
                                                                                                       Washington, DC  20392-5420     
                                                      Zone:  2h East of Greenwich                                                     
                                                                                                                                      
                                                                                                                                      
       Jan.       Feb.       Mar.       Apr.       May        June       July       Aug.       Sept.      Oct.       Nov.       Dec.  
Day Rise  Set  Rise  Set  Rise  Set  Rise  Set  Rise  Set  Rise  Set  Rise  Set  Rise  Set  Rise  Set  Rise  Set  Rise  Set  Rise  Set
     h m  h m   h m  h m   h m  h m   h m  h m   h m  h m   h m  h m   h m  h m   h m  h m   h m  h m   h m  h m   h m  h m   h m  h m
01       1134  0116 1201  0054 1130  0154 1305  0140 1344  0204 1536  0227 1644  0437 1812  0622 1833  0655 1815  0825 1906  0845 1939
02  0045 1207  0211 1249  0146 1225  0233 1403  0215 1443  0251 1646  0332 1750  0542 1853  0717 1907  0750 1853  0916 1958  0925 2033
03  0137 1243  0305 1342  0235 1322  0310 1502  0252 1545  0345 1758  0441 1848  0643 1929  0812 1941  0846 1936  1004 2051  1002 2126
04  0231 1323  0356 1438  0320 1421  0346 1601  0331 1651  0448 1907  0551 1938  0740 2003  0906 2018  0940 2022  1048 2146  1037 2219
05  0326 1408  0444 1537  0401 1521  0422 1703  0416 1800  0556 2009  0658 2021  0836 2036  1001 2058  1033 2112  1127 2240  1110 2312
06  0421 1458  0528 1637  0440 1620  0500 1807  0507 1912  0705 2103  0800 2059  0930 2109  1056 2142  1123 2205  1204 2334  1142     
07  0514 1553  0607 1736  0516 1719  0542 1914  0605 2022  0813 2148  0859 2134  1023 2144  1150 2230  1210 2300  1238       1216 0006
08  0604 1650  0644 1835  0552 1820  0628 2024  0710 2127  0916 2228  0954 2206  1117 2222  1242 2321  1253 2355  1312 0028  1253 0103
09  0650 1749  0720 1933  0628 1921  0721 2133  0817 2224  1014 2303  1047 2238  1212 2303  1332       1332       1346 0123  1333 0203
10  0731 1848  0754 2032  0707 2025  0821 2239  0924 2312  1110 2335  1140 2311  1306 2348  1417 0016  1408 0051  1422 0221  1421 0308
11  0809 1945  0830 2132  0749 2131  0925 2339  1027 2353  1202       1232 2347  1400       1459 0112  1443 0146  1502 0321  1516 0417
12  0845 2042  0909 2235  0836 2239  1030       1126       1254 0007  1326       1451 0038  1537 0208  1518 0243  1547 0425  1619 0528
13  0919 2139  0951 2340  0930 2345  1134 0030  1222 0030  1346 0038  1420 0025  1539 0131  1613 0304  1553 0340  1639 0534  1729 0636
14  0953 2237  1039       1029       1234 0115  1315 0103  1439 0112  1514 0107  1623 0227  1648 0401  1631 0439  1738 0645  1840 0738
15  1029 2338  1134 0046  1132 0047  1332 0154  1407 0134  1532 0148  1607 0154  1703 0323  1722 0457  1712 0542  1844 0754  1948 0832
16  1108       1235 0152  1237 0143  1426 0228  1458 0205  1626 0227  1657 0246  1740 0420  1758 0555  1800 0648  1952 0858  2053 0918
17  1153 0041  1340 0253  1339 0232  1518 0300  1550 0237  1720 0311  1744 0340  1815 0516  1836 0655  1853 0756  2100 0954  2153 0958
18  1244 0148  1445 0347  1439 0315  1610 0331  1643 0311  1812 0359  1826 0436  1849 0612  1918 0758  1954 0905  2204 1042  2250 1034
19  1342 0256  1548 0435  1536 0352  1702 0403  1737 0348  1901 0452  1905 0532  1923 0708  2007 0903  2059 1010  2304 1123  2344 1108
20  1447 0402  1649 0517  1631 0426  1755 0435  1831 0428  1946 0546  1941 0628  1959 0805  2101 1009  2205 1109       1200       1141
21  1554 0503  1746 0553  1724 0458  1848 0510  1925 0514  2027 0642  2014 0723  2037 0904  2201 1115  2309 1200  0001 1234  0038 1215
22  1701 0556  1840 0627  1816 0530  1943 0548  2016 0603  2104 0738  2048 0818  2120 1006  2306 1217       1244  0056 1307  0132 1250
23  1804 0642  1933 0659  1908 0601  2037 0630  2103 0656  2139 0833  2121 0913  2209 1111       1313  0011 1323  0149 1340  0226 1329
24  1903 0722  2025 0730  2002 0635  2130 0717  2147 0751  2212 0927  2157 1010  2305 1217  0011 1402  0109 1359  0242 1414  0320 1411
25  1959 0757  2118 0802  2056 0711  2220 0807  2227 0847  2245 1022  2237 1110       1322  0115 1445  0205 1432  0336 1450  0414 1457
26  2052 0830  2211 0836  2150 0750  2306 0901  2303 0942  2320 1118  2322 1213  0008 1423  0216 1523  0259 1505  0430 1530  0507 1547
27  2144 0901  2305 0913  2244 0834  2349 0957  2338 1037  2358 1216       1319  0114 1517  0315 1558  0353 1538  0525 1613  0557 1640
28  2236 0932       0954  2337 0922       1053       1133       1319  0014 1427  0221 1605  0411 1631  0447 1613  0619 1701  0643 1734
29  2328 1005  0000 1040       1014  0028 1150  0012 1229  0040 1425  0114 1532  0325 1647  0506 1705  0541 1651  0711 1752  0725 1828
30       1040             0026 1110  0105 1246  0046 1328  0130 1534  0220 1633  0427 1725  0601 1739  0637 1732  0800 1845  0803 1922
31  0022 1118             0112 1207             0123 1430             0329 1726  0526 1800             0732 1817             0838 2014

             o  ,    o  ,                                                                              Astronomical Applications Dept.
Location: E039 27, N23 06                         Rise and Set for the Moon for 2009                   U. S. Naval Observatory        
                                                                                                       Washington, DC  20392-5420     
                                                      Zone:  2h East of Greenwich                                                     
                                                                                                                                      
                                                                                                                                      
       Jan.       Feb.       Mar.       Apr.       May        June       July       Aug.       Sept.      Oct.       Nov.       Dec.  
Day Rise  Set  Rise  Set  Rise  Set  Rise  Set  Rise  Set  Rise  Set  Rise  Set  Rise  Set  Rise  Set  Rise  Set  Rise  Set  Rise  Set
     h m  h m   h m  h m   h m  h m   h m  h m   h m  h m   h m  h m   h m  h m   h m  h m   h m  h m   h m  h m   h m  h m   h m  h m
01  0911 2107  0926 2242  0806 2137  0930 2342  1039       1231 0003  1314       1448 0040  1541 0205  1522 0234  1535 0355  1543 0440
02  0943 2159  1006 2343  0849 2240  1035       1141 0009  1327 0037  1410 0028  1537 0131  1616 0258  1554 0325  1616 0454  1641 0546
03  1015 2253  1051       0938 2344  1140 0037  1241 0049  1422 0112  1505 0110  1623 0224  1650 0350  1627 0418  1703 0555  1745 0650
04  1049 2350  1143 0047  1034       1245 0126  1339 0126  1518 0149  1600 0155  1704 0318  1722 0441  1701 0511  1757 0659  1853 0750
05  1126       1242 0153  1136 0048  1347 0210  1435 0201  1614 0228  1652 0244  1741 0411  1754 0533  1739 0608  1856 0803  2000 0845
06  1209 0050  1348 0258  1242 0147  1447 0249  1531 0236  1710 0311  1740 0336  1816 0504  1826 0625  1822 0706  2000 0904  2106 0933
07  1258 0155  1458 0358  1349 0242  1545 0325  1627 0311  1804 0358  1824 0429  1848 0555  1901 0719  1910 0807  2106 1000  2208 1016
08  1356 0303  1607 0451  1455 0330  1643 0401  1724 0349  1855 0448  1904 0523  1920 0646  1940 0815  2004 0910  2210 1051  2308 1055
09  1501 0411  1713 0538  1558 0413  1740 0436  1821 0430  1943 0541  1940 0616  1951 0737  2023 0913  2104 1012  2313 1136       1131
10  1612 0516  1817 0620  1659 0452  1837 0513  1917 0515  2025 0634  2013 0708  2024 0829  2112 1014  2207 1111       1216  0006 1208
11  1723 0615  1917 0658  1758 0528  1935 0552  2011 0603  2104 0728  2045 0759  2100 0923  2208 1116  2312 1204  0014 1254  0103 1245
12  1832 0706  2015 0734  1856 0604  2032 0635  2101 0654  2139 0820  2117 0849  2139 1019  2309 1218       1253  0112 1330  0201 1324
13  1936 0750  2112 0810  1954 0640  2127 0721  2146 0747  2212 0912  2149 0941  2224 1119       1316  0016 1336  0211 1407  0259 1407
14  2037 0829  2208 0846  2051 0718  2219 0810  2228 0841  2244 1003  2222 1033  2317 1222  0015 1409  0119 1416  0309 1445  0357 1453
15  2134 0905  2305 0924  2148 0758  2307 0902  2305 0934  2316 1054  2300 1129       1325  0121 1457  0220 1454  0408 1526  0454 1543
16  2230 0939       1004  2244 0842  2351 0956  2340 1027  2349 1147  2342 1227  0016 1428  0228 1540  0321 1532  0507 1611  0548 1635
17  2325 1014  0000 1049  2338 0929       1050       1119       1242       1330  0122 1526  0332 1621  0420 1610  0606 1659  0639 1729
18       1049  0055 1136       1019  0031 1143  0012 1211  0025 1340  0032 1435  0230 1619  0434 1659  0520 1650  0703 1750  0724 1824
19  0019 1127  0147 1227  0028 1111  0108 1236  0045 1303  0105 1443  0129 1541  0340 1706  0536 1737  0620 1732  0756 1844  0805 1917
20  0114 1209  0235 1320  0114 1205  0142 1329  0118 1358  0152 1549  0234 1644  0447 1748  0636 1816  0720 1818  0845 1938  0842 2008
21  0209 1254  0320 1415  0157 1259  0215 1422  0153 1456  0247 1657  0343 1741  0551 1828  0737 1857  0819 1908  0929 2032  0916 2059
22  0302 1343  0401 1509  0236 1353  0248 1517  0232 1558  0349 1803  0454 1832  0653 1906  0836 1941  0914 2000  1008 2124  0948 2149
23  0353 1434  0439 1603  0311 1447  0323 1614  0316 1704  0458 1903  0603 1917  0754 1944  0935 2028  1005 2054  1044 2216  1019 2238
24  0440 1528  0514 1657  0345 1540  0400 1714  0407 1812  0609 1957  0709 1957  0853 2023  1032 2118  1052 2148  1117 2306  1051 2329
25  0524 1623  0547 1750  0418 1634  0441 1817  0506 1919  0718 2043  0811 2035  0952 2104  1125 2210  1134 2241  1149 2356  1124     
26  0603 1717  0620 1844  0452 1730  0528 1924  0611 2022  0823 2124  0911 2111  1051 2148  1214 2304  1212 2333  1221       1200 0023
27  0639 1810  0653 1939  0527 1828  0622 2031  0720 2117  0925 2202  1009 2148  1147 2235  1258 2357  1247       1253 0048  1240 0119
28  0713 1903  0728 2037  0605 1929  0722 2134  0828 2206  1024 2238  1106 2227  1242 2326  1338       1319 0025  1328 0141  1327 0219
29  0746 1956             0647 2032  0827 2233  0934 2249  1121 2313  1203 2308  1333       1415 0050  1352 0116  1407 0237  1421 0323
30  0818 2049             0735 2137  0933 2324  1036 2327  1218 2350  1300 2352  1420 0018  1449 0142  1424 0207  1452 0337  1522 0428
31  0851 2144             0830 2241             1134                  1355       1502 0111             1458 0300             1630 0531

             o  ,    o  ,                                                                              Astronomical Applications Dept.
Location: E039 27, N23 06                         Rise and Set for the Moon for 2010                   U. S. Naval Observatory        
                                                                                                       Washington, DC  20392-5420     
                                                      Zone:  2h East of Greenwich                                                     
                                                                                                                                      
                                                                                                                                      
       Jan.       Feb.       Mar.       Apr.       May        June       July       Aug.       Sept.      Oct.       Nov.       Dec.  
Day Rise  Set  Rise  Set  Rise  Set  Rise  Set  Rise  Set  Rise  Set  Rise  Set  Rise  Set  Rise  Set  Rise  Set  Rise  Set  Rise  Set
     h m  h m   h m  h m   h m  h m   h m  h m   h m  h m   h m  h m   h m  h m   h m  h m   h m  h m   h m  h m   h m  h m   h m  h m
01  1740 0630  1942 0724  1823 0554  2015 0632  2055 0651  2147 0820  2126 0846  2137 1000  2230 1133  2319 1212  0017 1307  0112 1305
02  1849 0723  2045 0803  1927 0634  2116 0719  2147 0746  2222 0913  2158 0936  2214 1053  2327 1231       1301  0119 1347  0214 1348
03  1955 0809  2146 0842  2029 0715  2214 0810  2233 0842  2255 1004  2229 1025  2257 1148       1327  0022 1348  0221 1428  0317 1434
04  2058 0852  2246 0922  2131 0757  2307 0904  2313 0937  2327 1054  2302 1115  2345 1245  0028 1420  0126 1431  0324 1510  0420 1525
05  2159 0931  2345 1004  2232 0842  2355 0958  2350 1030  2358 1143  2339 1208       1345  0133 1510  0230 1513  0428 1556  0522 1620
06  2258 1008       1048  2331 0930       1053       1122       1233       1302  0040 1444  0239 1557  0334 1554  0533 1645  0622 1717
07  2356 1046  0043 1136       1020  0039 1146  0024 1212  0031 1325  0019 1400  0142 1541  0346 1641  0439 1637  0638 1739  0716 1816
08       1124  0139 1226  0025 1113  0117 1239  0056 1302  0106 1419  0105 1500  0247 1634  0451 1723  0544 1721  0740 1835  0805 1913
09  0054 1206  0231 1319  0115 1207  0153 1329  0128 1352  0144 1516  0158 1601  0355 1723  0556 1804  0650 1809  0837 1933  0848 2008
10  0152 1250  0319 1412  0201 1301  0226 1420  0200 1443  0228 1617  0258 1701  0502 1808  0701 1847  0755 1900  0928 2030  0926 2101
11  0249 1339  0403 1506  0242 1353  0257 1509  0234 1536  0318 1718  0403 1757  0609 1851  0806 1932  0857 1954  1013 2126  1001 2152
12  0343 1430  0442 1558  0319 1445  0329 1600  0310 1632  0415 1819  0510 1848  0713 1932  0910 2020  0956 2050  1054 2220  1034 2242
13  0434 1523  0518 1650  0353 1536  0402 1652  0351 1731  0517 1916  0617 1934  0817 2013  1013 2111  1049 2146  1130 2311  1106 2331
14  0521 1617  0552 1740  0425 1626  0436 1746  0438 1832  0622 2009  0723 2017  0920 2055  1112 2205  1137 2242  1203       1138     
15  0604 1711  0624 1830  0457 1716  0514 1843  0530 1932  0728 2057  0827 2057  1022 2139  1207 2300  1219 2336  1236 0001  1211 0021
16  0642 1803  0655 1920  0529 1806  0556 1942  0628 2031  0833 2140  0929 2136  1123 2227  1257 2355  1257       1307 0050  1246 0111
17  0717 1854  0726 2010  0601 1859  0644 2042  0730 2125  0936 2220  1029 2216  1223 2317  1341       1332 0028  1340 0139  1325 0205
18  0750 1944  0759 2103  0636 1953  0737 2141  0834 2215  1036 2258  1130 2257  1320       1421 0049  1404 0118  1414 0230  1409 0300
19  0821 2033  0835 2157  0715 2050  0835 2237  0938 2259  1136 2336  1230 2342  1412 0010  1458 0142  1436 0208  1451 0322  1459 0357
20  0852 2123  0914 2255  0758 2148  0937 2329  1041 2340  1236       1330       1500 0105  1531 0233  1508 0257  1532 0417  1554 0456
21  0924 2214  0959 2354  0846 2247  1041       1142       1336 0016  1428 0029  1543 0200  1604 0323  1541 0347  1618 0513  1654 0553
22  0957 2308  1050       0941 2346  1144 0016  1242 0019  1436 0058  1524 0121  1621 0254  1635 0412  1616 0438  1710 0611  1757 0647
23  1035       1148 0055  1040       1247 0100  1341 0057  1536 0143  1615 0214  1657 0346  1707 0502  1654 0531  1806 0708  1901 0738
24  1117 0005  1251 0154  1144 0041  1348 0140  1442 0136  1634 0232  1701 0309  1730 0437  1740 0552  1737 0626  1906 0804  2004 0824
25  1205 0105  1358 0250  1249 0132  1450 0220  1543 0216  1729 0325  1743 0404  1801 0527  1816 0643  1824 0722  2008 0855  2106 0907
26  1301 0207  1506 0342  1354 0220  1551 0259  1644 0300  1819 0420  1821 0458  1833 0616  1854 0736  1916 0819  2110 0943  2206 0947
27  1404 0310  1613 0429  1458 0303  1653 0339  1745 0348  1904 0516  1855 0550  1904 0705  1938 0831  2013 0915  2211 1026  2307 1026
28  1512 0410  1719 0513  1602 0345  1756 0422  1843 0439  1944 0611  1928 0641  1938 0755  2026 0927  2113 1008  2312 1107       1105
29  1622 0506             1705 0425  1858 0508  1937 0534  2021 0705  1959 0731  2014 0847  2120 1024  2214 1058       1146  0007 1146
30  1731 0556             1808 0505  1959 0558  2025 0630  2055 0756  2030 0820  2054 0941  2218 1119  2316 1144  0012 1225  0108 1230
31  1838 0642             1912 0547             2108 0726             2102 0909  2139 1036                  1227             0210 1318

             o  ,    o  ,                                                                              Astronomical Applications Dept.
Location: E039 27, N23 06                         Rise and Set for the Moon for 2011                   U. S. Naval Observatory        
                                                                                                       Washington, DC  20392-5420     
                                                      Zone:  2h East of Greenwich                                                     
                                                                                                                                      
                                                                                                                                      
       Jan.       Feb.       Mar.       Apr.       May        June       July       Aug.       Sept.      Oct.       Nov.       Dec.  
Day Rise  Set  Rise  Set  Rise  Set  Rise  Set  Rise  Set  Rise  Set  Rise  Set  Rise  Set  Rise  Set  Rise  Set  Rise  Set  Rise  Set
     h m  h m   h m  h m   h m  h m   h m  h m   h m  h m   h m  h m   h m  h m   h m  h m   h m  h m   h m  h m   h m  h m   h m  h m
01  0311 1410  0438 1548  0319 1438  0341 1558  0320 1623  0359 1750  0432 1819  0623 1911  0821 1957  0920 2026  1050 2210  1046 2244
02  0411 1506  0520 1643  0358 1531  0413 1647  0356 1715  0450 1844  0532 1907  0725 1952  0926 2046  1022 2124  1133 2306  1121 2335
03  0506 1603  0558 1736  0434 1622  0446 1737  0435 1808  0545 1936  0633 1951  0827 2033  1030 2138  1119 2223  1212 2359  1155     
04  0557 1700  0633 1827  0507 1712  0520 1827  0517 1902  0642 2025  0734 2033  0929 2116  1132 2234  1209 2321  1248       1228 0025
05  0642 1757  0705 1916  0539 1801  0556 1919  0604 1956  0742 2110  0835 2113  1032 2201  1230 2331  1255       1321 0050  1302 0114
06  0722 1851  0737 2006  0611 1850  0635 2013  0655 2049  0841 2153  0935 2153  1135 2249  1324       1335 0018  1355 0140  1338 0204
07  0759 1943  0809 2055  0644 1940  0719 2106  0750 2139  0941 2233  1035 2233  1237 2342  1412 0029  1412 0112  1428 0230  1417 0255
08  0833 2034  0842 2145  0718 2031  0807 2200  0848 2227  1040 2313  1136 2316  1338       1455 0126  1447 0204  1503 0320  1459 0347
09  0905 2123  0917 2237  0755 2124  0859 2252  0947 2311  1140 2352  1238       1435 0037  1535 0222  1520 0254  1539 0410  1545 0440
10  0937 2212  0956 2330  0835 2217  0955 2342  1046 2353  1241       1341 0002  1527 0135  1611 0315  1553 0344  1619 0502  1635 0532
11  1009 2302  1038       0920 2312  1053       1146       1343 0033  1444 0052  1614 0234  1645 0407  1627 0434  1702 0554  1728 0624
12  1043 2353  1126 0025  1010       1154 0029  1247 0033  1447 0118  1544 0146  1656 0331  1719 0458  1702 0524  1749 0646  1823 0713
13  1119       1219 0121  1105 0006  1255 0113  1348 0113  1551 0206  1641 0244  1735 0427  1752 0548  1740 0615  1840 0738  1920 0759
14  1200 0047  1318 0217  1203 0058  1357 0156  1451 0154  1655 0259  1732 0343  1811 0521  1826 0638  1820 0706  1933 0828  2017 0842
15  1246 0142  1420 0310  1305 0149  1500 0237  1556 0238  1756 0356  1818 0443  1845 0613  1901 0728  1904 0758  2028 0915  2115 0923
16  1338 0239  1525 0401  1408 0236  1605 0319  1703 0325  1851 0456  1859 0541  1918 0703  1940 0819  1952 0850  2125 1000  2212 1003
17  1436 0337  1630 0449  1512 0321  1711 0403  1809 0417  1941 0557  1937 0636  1951 0753  2021 0911  2043 0941  2222 1042  2310 1042
18  1538 0433  1736 0534  1617 0405  1818 0449  1912 0513  2025 0656  2012 0729  2025 0843  2107 1003  2137 1030  2320 1123       1121
19  1643 0526  1841 0616  1723 0448  1925 0539  2011 0613  2104 0753  2045 0821  2102 0934  2156 1055  2234 1117       1203  0010 1203
20  1748 0615  1946 0659  1829 0531  2030 0633  2103 0713  2140 0847  2118 0911  2141 1025  2249 1146  2332 1202  0019 1242  0112 1247
21  1853 0701  2050 0741  1935 0616  2131 0731  2150 0813  2213 0939  2151 1000  2225 1118  2346 1236       1245  0119 1324  0216 1337
22  1956 0743  2154 0826  2042 0703  2225 0830  2231 0910  2246 1029  2226 1051  2312 1211       1324  0031 1326  0222 1408  0321 1431
23  2058 0824  2258 0913  2146 0754  2313 0929  2308 1005  2319 1119  2304 1142       1304  0045 1409  0131 1408  0327 1457  0426 1530
24  2200 0905  2359 1003  2247 0848  2356 1026  2342 1057  2353 1209  2346 1234  0005 1356  0146 1453  0233 1450  0434 1550  0528 1633
25  2302 0946       1057  2343 0945       1121       1148       1259       1328  0101 1446  0248 1535  0337 1534  0542 1649  0624 1736
26       1030  0056 1152       1042  0034 1214  0014 1237  0029 1351  0032 1422  0201 1534  0351 1618  0443 1622  0646 1751  0715 1837
27  0004 1116  0149 1248  0034 1139  0109 1304  0047 1326  0108 1445  0122 1516  0303 1620  0455 1702  0551 1713  0746 1854  0800 1936
28  0105 1207  0237 1344  0118 1234  0142 1354  0120 1416  0152 1539  0218 1608  0405 1703  0601 1747  0659 1810  0839 1955  0841 2032
29  0205 1300             0158 1327  0214 1443  0155 1508  0241 1634  0317 1658  0509 1746  0708 1836  0805 1910  0927 2054  0918 2125
30  0300 1356             0235 1419  0247 1532  0232 1601  0335 1728  0419 1745  0612 1828  0815 1929  0906 2011  1008 2150  0953 2216
31  0352 1452             0309 1509             0314 1655             0521 1829  0716 1911             1001 2112             1027 2307

             o  ,    o  ,                                                                              Astronomical Applications Dept.
Location: E039 27, N23 06                         Rise and Set for the Moon for 2012                   U. S. Naval Observatory        
                                                                                                       Washington, DC  20392-5420     
                                                      Zone:  2h East of Greenwich                                                     
                                                                                                                                      
                                                                                                                                      
       Jan.       Feb.       Mar.       Apr.       May        June       July       Aug.       Sept.      Oct.       Nov.       Dec.  
Day Rise  Set  Rise  Set  Rise  Set  Rise  Set  Rise  Set  Rise  Set  Rise  Set  Rise  Set  Rise  Set  Rise  Set  Rise  Set  Rise  Set
     h m  h m   h m  h m   h m  h m   h m  h m   h m  h m   h m  h m   h m  h m   h m  h m   h m  h m   h m  h m   h m  h m   h m  h m
01  1101 2357  1132 0021  1058       1223 0058  1303 0057  1455 0137  1554 0203  1725 0357  1802 0538  1751 0609  1838 0729  1902 0748
02  1136       1218 0113  1149 0045  1321 0141  1403 0137  1601 0226  1657 0303  1809 0459  1838 0632  1830 0701  1926 0818  1954 0832
03  1214 0047  1307 0205  1243 0134  1420 0222  1505 0218  1708 0320  1755 0406  1850 0558  1915 0725  1912 0753  2015 0905  2046 0913
04  1254 0139  1401 0256  1340 0221  1520 0304  1609 0302  1814 0419  1847 0511  1928 0655  1954 0818  1956 0844  2107 0950  2139 0952
05  1338 0231  1458 0345  1438 0306  1623 0345  1717 0349  1915 0522  1934 0614  2005 0750  2033 0909  2042 0934  2159 1033  2232 1030
06  1426 0323  1556 0432  1538 0350  1727 0429  1825 0442  2010 0627  2017 0715  2041 0843  2116 1001  2131 1023  2252 1114  2327 1108
07  1519 0416  1656 0516  1639 0432  1833 0515  1931 0539  2059 0731  2056 0813  2118 0935  2201 1052  2222 1110  2346 1153       1146
08  1614 0506  1756 0559  1741 0514  1941 0605  2034 0640  2143 0832  2132 0908  2157 1027  2248 1142  2314 1155       1232  0024 1226
09  1711 0554  1856 0640  1844 0556  2047 0659  2131 0744  2222 0931  2208 1001  2237 1119  2339 1230       1238  0042 1311  0123 1310
10  1810 0640  1957 0721  1948 0640  2150 0757  2222 0847  2259 1026  2244 1053  2321 1210       1317  0008 1319  0139 1352  0225 1358
11  1908 0723  2058 0802  2053 0726  2248 0857  2307 0948  2334 1119  2321 1145       1301  0031 1402  0103 1359  0240 1435  0331 1452
12  2007 0803  2201 0845  2158 0816  2341 0958  2347 1045       1210       1236  0007 1350  0126 1445  0200 1439  0343 1522  0437 1551
13  2106 0843  2304 0931  2301 0910       1059       1141  0009 1301  0000 1327  0056 1439  0222 1526  0258 1520  0448 1615  0543 1655
14  2205 0922       1021       1007  0027 1156  0024 1233  0045 1351  0041 1418  0149 1525  0318 1607  0358 1602  0556 1712  0645 1801
15  2305 1003  0006 1114  0000 1106  0109 1252  0059 1325  0122 1442  0126 1509  0243 1610  0417 1647  0501 1648  0702 1814  0741 1907
16       1046  0107 1211  0055 1205  0147 1345  0134 1415  0202 1533  0214 1558  0338 1652  0516 1729  0606 1738  0805 1918  0832 2010
17  0007 1132  0205 1310  0144 1304  0223 1437  0209 1505  0245 1625  0305 1646  0435 1733  0617 1812  0712 1832  0903 2023  0917 2110
18  0110 1223  0258 1410  0228 1401  0258 1528  0245 1556  0331 1715  0358 1732  0532 1813  0719 1858  0818 1930  0955 2125  0959 2207
19  0213 1319  0346 1509  0309 1456  0332 1618  0323 1647  0420 1804  0453 1815  0630 1853  0823 1948  0921 2031  1041 2224  1037 2302
20  0314 1418  0430 1606  0346 1549  0408 1709  0404 1738  0511 1850  0548 1856  0729 1933  0927 2042  1019 2133  1122 2321  1114 2354
21  0411 1519  0510 1702  0422 1641  0444 1800  0447 1829  0605 1934  0644 1935  0829 2016  1030 2140  1112 2234  1201       1151     
22  0504 1620  0547 1755  0457 1732  0523 1851  0534 1919  0659 2016  0741 2014  0930 2102  1129 2239  1200 2334  1238 0015  1228 0046
23  0552 1720  0622 1847  0532 1823  0605 1942  0624 2006  0754 2056  0837 2053  1032 2152  1225 2340  1243       1314 0108  1307 0138
24  0634 1817  0657 1939  0607 1914  0650 2033  0716 2052  0849 2134  0935 2133  1135 2246  1315       1323 0031  1350 0159  1348 0229
25  0713 1912  0732 2030  0645 2005  0737 2122  0809 2135  0945 2212  1035 2216  1236 2344  1401 0040  1400 0126  1428 0251  1432 0320
26  0750 2005  0808 2121  0724 2056  0828 2208  0904 2215  1042 2252  1136 2303  1334       1443 0138  1436 0219  1508 0342  1518 0410
27  0825 2057  0846 2212  0807 2147  0920 2253  0958 2255  1140 2333  1238 2355  1428 0044  1522 0235  1513 0311  1550 0433  1607 0459
28  0859 2148  0927 2303  0853 2237  1014 2336  1054 2333  1241       1341       1518 0146  1600 0330  1550 0403  1634 0524  1658 0546
29  0934 2238  1011 2354  0941 2326  1109       1151       1344 0018  1443 0051  1603 0246  1636 0424  1628 0455  1722 0614  1750 0631
30  1010 2329             1033       1206 0017  1249 0012  1449 0108  1542 0151  1645 0346  1713 0517  1709 0547  1811 0702  1842 0713
31  1049                  1127 0013             1351 0053             1636 0254  1724 0443             1752 0638             1935 0753

             o  ,    o  ,                                                                              Astronomical Applications Dept.
Location: E039 27, N23 06                         Rise and Set for the Moon for 2013                   U. S. Naval Observatory        
                                                                                                       Washington, DC  20392-5420     
                                                      Zone:  2h East of Greenwich                                                     
                                                                                                                                      
                                                                                                                                      
       Jan.       Feb.       Mar.       Apr.       May        June       July       Aug.       Sept.      Oct.       Nov.       Dec.  
Day Rise  Set  Rise  Set  Rise  Set  Rise  Set  Rise  Set  Rise  Set  Rise  Set  Rise  Set  Rise  Set  Rise  Set  Rise  Set  Rise  Set
     h m  h m   h m  h m   h m  h m   h m  h m   h m  h m   h m  h m   h m  h m   h m  h m   h m  h m   h m  h m   h m  h m   h m  h m
01  2028 0831  2206 0906  2059 0748  2256 0909  2329 1005       1153       1229  0016 1351  0125 1449  0150 1443  0312 1512  0351 1520
02  2122 0909  2305 0948  2200 0834  2352 1009       1106  0014 1247  0011 1322  0102 1439  0216 1530  0242 1521  0409 1556  0454 1615
03  2216 0946       1035  2302 0923       1110  0014 1205  0052 1341  0051 1414  0151 1526  0307 1609  0335 1559  0509 1643  0558 1715
04  2313 1025  0006 1125       1017  0043 1211  0055 1302  0131 1434  0134 1505  0240 1610  0359 1647  0430 1638  0611 1735  0700 1818
05       1105  0108 1221  0002 1114  0130 1311  0135 1357  0210 1526  0219 1555  0331 1652  0452 1724  0526 1720  0714 1832  0759 1923
06  0012 1149  0209 1321  0100 1214  0214 1409  0213 1451  0251 1618  0306 1643  0422 1732  0545 1802  0624 1804  0815 1932  0853 2028
07  0113 1238  0308 1424  0155 1316  0255 1506  0251 1544  0335 1709  0354 1729  0513 1810  0639 1842  0724 1853  0914 2034  0942 2130
08  0217 1333  0403 1528  0246 1418  0334 1602  0330 1638  0421 1758  0444 1812  0605 1847  0735 1923  0825 1945  1009 2136  1027 2231
09  0321 1433  0454 1631  0333 1518  0413 1656  0410 1730  0508 1845  0535 1853  0657 1924  0833 2008  0925 2041  1059 2238  1109 2328
10  0424 1537  0540 1733  0417 1618  0452 1751  0453 1822  0558 1930  0626 1932  0750 2002  0931 2056  1024 2140  1145 2338  1150     
11  0523 1643  0624 1832  0458 1715  0532 1844  0537 1913  0648 2012  0717 2009  0844 2041  1031 2149  1120 2241  1228       1230 0025
12  0617 1748  0704 1930  0537 1811  0613 1937  0624 2002  0739 2052  0809 2046  0940 2123  1131 2245  1212 2343  1309 0036  1310 0120
13  0706 1851  0743 2025  0617 1907  0657 2029  0713 2048  0830 2131  0901 2122  1037 2208  1229 2345  1300       1349 0133  1351 0214
14  0751 1952  0822 2120  0656 2001  0742 2119  0802 2132  0921 2208  0954 2200  1137 2258  1324       1345 0043  1429 0229  1434 0308
15  0832 2049  0902 2213  0737 2054  0830 2207  0853 2214  1013 2244  1048 2240  1237 2353  1416 0047  1428 0143  1510 0324  1519 0401
16  0911 2144  0942 2305  0819 2147  0918 2252  0944 2253  1105 2322  1145 2324  1338       1504 0150  1510 0242  1553 0419  1607 0452
17  0949 2238  1024 2356  0903 2238  1009 2336  1035 2331  1200       1245       1437 0053  1550 0252  1551 0340  1637 0514  1655 0542
18  1027 2331  1109       0949 2327  1100       1127       1257 0001  1347 0012  1533 0156  1633 0353  1632 0437  1724 0607  1745 0629
19  1105       1155 0046  1037       1152 0017  1220 0008  1357 0044  1450 0105  1625 0300  1715 0453  1714 0533  1812 0658  1835 0714
20  1146 0023  1244 0135  1126 0014  1244 0056  1315 0046  1500 0131  1552 0204  1713 0405  1756 0552  1758 0628  1901 0747  1926 0755
21  1229 0114  1335 0221  1217 0059  1338 0135  1413 0126  1605 0223  1651 0308  1758 0508  1838 0649  1843 0723  1951 0833  2016 0834
22  1314 0204  1427 0305  1310 0141  1433 0213  1513 0208  1709 0321  1747 0414  1841 0610  1921 0746  1931 0815  2041 0916  2106 0912
23  1402 0254  1521 0348  1403 0222  1531 0253  1616 0254  1811 0424  1838 0521  1923 0710  2005 0841  2019 0906  2131 0957  2156 0948
24  1452 0341  1615 0428  1457 0302  1631 0334  1722 0344  1909 0531  1924 0625  2004 0808  2051 0934  2109 0953  2222 1035  2247 1024
25  1544 0427  1709 0508  1552 0341  1733 0419  1827 0441  2001 0637  2007 0728  2045 0904  2139 1025  2159 1038  2312 1112  2340 1101
26  1636 0511  1805 0546  1649 0420  1838 0507  1930 0542  2049 0742  2049 0828  2128 0959  2227 1114  2249 1120       1149       1139
27  1730 0552  1902 0626  1748 0501  1942 0601  2029 0647  2132 0844  2129 0925  2212 1052  2317 1200  2340 1200  0004 1226  0034 1221
28  1823 0632  2000 0706  1848 0543  2046 0658  2123 0752  2213 0944  2209 1021  2258 1144       1244       1238  0057 1304  0132 1306
29  1918 0710             1951 0629  2145 0800  2211 0856  2252 1041  2250 1115  2345 1233  0007 1325  0031 1316  0152 1345  0232 1357
30  2012 0748             2054 0718  2239 0903  2255 0957  2331 1136  2332 1208       1321  0058 1405  0123 1353  0250 1430  0335 1453
31  2108 0826             2156 0812             2335 1056                  1300  0034 1406             0216 1432             0438 1555

             o  ,    o  ,                                                                              Astronomical Applications Dept.
Location: E039 27, N23 06                         Rise and Set for the Moon for 2014                   U. S. Naval Observatory        
                                                                                                       Washington, DC  20392-5420     
                                                      Zone:  2h East of Greenwich                                                     
                                                                                                                                      
                                                                                                                                      
       Jan.       Feb.       Mar.       Apr.       May        June       July       Aug.       Sept.      Oct.       Nov.       Dec.  
Day Rise  Set  Rise  Set  Rise  Set  Rise  Set  Rise  Set  Rise  Set  Rise  Set  Rise  Set  Rise  Set  Rise  Set  Rise  Set  Rise  Set
     h m  h m   h m  h m   h m  h m   h m  h m   h m  h m   h m  h m   h m  h m   h m  h m   h m  h m   h m  h m   h m  h m   h m  h m
01  0540 1701  0655 1900  0528 1741  0615 1923  0625 1957  0738 2059  0802 2054  0916 2119  1044 2209  1127 2247  1245       1255 0036
02  0638 1808  0740 2002  0613 1843  0700 2020  0715 2048  0828 2140  0851 2130  1008 2158  1141 2300  1220 2346  1330 0042  1339 0135
03  0731 1914  0824 2102  0657 1943  0747 2116  0805 2136  0918 2218  0941 2206  1101 2239  1238 2356  1312       1414 0143  1423 0234
04  0820 2017  0906 2200  0741 2042  0835 2208  0855 2221  1008 2255  1031 2242  1156 2325  1334       1402 0048  1458 0244  1509 0333
05  0906 2119  0949 2256  0825 2139  0924 2257  0946 2303  1058 2331  1122 2320  1253       1429 0056  1449 0151  1543 0345  1558 0431
06  0948 2218  1032 2351  0910 2234  1014 2344  1036 2343  1148       1215       1351 0015  1522 0159  1536 0254  1630 0445  1648 0527
07  1030 2314  1116       0956 2327  1104       1126       1239 0007  1310 0000  1450 0110  1612 0304  1621 0357  1718 0545  1740 0621
08  1110       1202 0044  1044       1154 0027  1216 0020  1332 0044  1408 0044  1548 0210  1701 0409  1707 0500  1808 0644  1832 0713
09  1152 0010  1249 0135  1132 0017  1244 0107  1306 0057  1427 0124  1508 0133  1644 0314  1747 0514  1754 0602  1859 0740  1925 0800
10  1234 0104  1338 0223  1222 0105  1335 0146  1358 0133  1525 0207  1609 0228  1737 0420  1833 0618  1841 0703  1952 0833  2016 0844
11  1318 0157  1427 0309  1312 0149  1425 0223  1451 0211  1626 0255  1709 0327  1826 0526  1919 0720  1930 0802  2043 0922  2107 0925
12  1404 0249  1517 0353  1402 0231  1516 0300  1546 0250  1727 0348  1806 0431  1913 0632  2005 0821  2020 0859  2135 1007  2156 1003
13  1452 0339  1607 0434  1452 0311  1609 0337  1643 0332  1827 0445  1900 0537  1959 0735  2052 0920  2111 0953  2225 1049  2245 1039
14  1541 0426  1658 0513  1542 0349  1703 0416  1742 0417  1926 0547  1950 0643  2043 0837  2141 1017  2202 1043  2315 1128  2335 1115
15  1631 0512  1748 0550  1633 0426  1758 0456  1842 0507  2020 0651  2037 0747  2127 0937  2230 1111  2253 1129       1205       1151
16  1721 0554  1839 0627  1725 0503  1856 0539  1943 0602  2110 0755  2121 0850  2213 1036  2320 1202  2344 1212  0005 1241  0025 1227
17  1812 0634  1930 0703  1817 0540  1955 0626  2041 0701  2157 0859  2205 0951  2259 1132       1250       1253  0054 1317  0116 1306
18  1902 0713  2022 0740  1911 0619  2053 0717  2135 0802  2241 1000  2247 1050  2346 1226  0010 1334  0034 1331  0144 1354  0209 1348
19  1952 0749  2116 0819  2007 0659  2151 0811  2226 0904  2324 1100  2331 1147       1318  0100 1416  0123 1408  0235 1432  0305 1434
20  2042 0825  2211 0859  2104 0743  2247 0909  2314 1006       1159       1243  0035 1407  0150 1455  0213 1444  0329 1513  0403 1525
21  2134 0901  2308 0943  2201 0830  2339 1010  2358 1107  0005 1256  0015 1338  0124 1453  0240 1533  0303 1520  0424 1557  0501 1620
22  2226 0939       1032  2259 0921       1111       1207  0047 1352  0101 1431  0214 1536  0329 1609  0354 1558  0520 1646  0600 1720
23  2321 1018  0006 1124  2356 1016  0028 1212  0041 1305  0131 1447  0148 1521  0305 1617  0419 1645  0446 1637  0618 1738  0657 1822
24       1100  0105 1222       1114  0114 1312  0123 1403  0215 1542  0237 1609  0354 1656  0509 1722  0539 1719  0716 1835  0750 1926
25  0018 1146  0203 1323  0050 1215  0159 1412  0205 1500  0302 1634  0327 1655  0444 1733  0600 1759  0634 1804  0812 1934  0841 2029
26  0117 1238  0258 1427  0142 1318  0242 1512  0247 1557  0351 1725  0418 1737  0534 1809  0652 1839  0731 1853  0906 2035  0928 2130
27  0218 1335  0351 1532  0231 1420  0324 1611  0332 1653  0441 1812  0508 1817  0623 1844  0746 1921  0827 1946  0956 2136  1013 2231
28  0319 1437  0441 1637  0318 1522  0407 1709  0418 1748  0531 1857  0558 1855  0713 1921  0840 2007  0923 2042  1044 2237  1056 2330
29  0418 1542             0403 1624  0452 1806  0506 1840  0622 1938  0647 1931  0804 1959  0936 2056  1017 2140  1129 2337  1139     
30  0514 1649             0447 1725  0538 1903  0556 1930  0712 2017  0737 2007  0856 2039  1031 2150  1109 2241  1212       1222 0029
31  0606 1755             0531 1825             0647 2016             0826 2043  0949 2122             1158 2341             1307 0126

