             o  ,    o  ,                                                                              Astronomical Applications Dept.
Location: E051 30, S00 07                         Rise and Set for the Moon for 2004                   U. S. Naval Observatory        
                                                                                                       Washington, DC  20392-5420     
                                                            Universal Time                                                            
                                                                                                                                      
                                                                                                                                      
       Jan.       Feb.       Mar.       Apr.       May        June       July       Aug.       Sept.      Oct.       Nov.       Dec.  
Day Rise  Set  Rise  Set  Rise  Set  Rise  Set  Rise  Set  Rise  Set  Rise  Set  Rise  Set  Rise  Set  Rise  Set  Rise  Set  Rise  Set
     h m  h m   h m  h m   h m  h m   h m  h m   h m  h m   h m  h m   h m  h m   h m  h m   h m  h m   h m  h m   h m  h m   h m  h m
01  0956 2216  1051 2314  1024 2248  1138       1148       1255 0026  1342 0108  1537 0307  1640 0416  1646 0422  1756 0529  1820 0555
02  1038 2259  1141       1116 2341  1226 0000  1235 0011  1355 0123  1450 0215  1630 0403  1724 0501  1734 0509  1847 0620  1907 0643
03  1122 2344  1233 0006  1208       1313 0048  1325 0058  1459 0225  1556 0322  1719 0454  1809 0545  1823 0557  1938 0711  1952 0728
04  1209       1326 0058  1259 0032  1400 0135  1417 0149  1606 0331  1657 0426  1805 0541  1855 0631  1913 0647  2026 0801  2035 0812
05  1258 0031  1418 0151  1348 0122  1448 0223  1514 0244  1713 0439  1752 0524  1849 0626  1942 0717  2005 0738  2113 0849  2117 0855
06  1349 0122  1508 0242  1436 0211  1538 0312  1615 0343  1815 0543  1842 0617  1932 0709  2032 0805  2056 0829  2158 0934  2200 0937
07  1441 0214  1556 0331  1523 0258  1632 0404  1720 0446  1911 0643  1928 0705  2016 0753  2122 0855  2146 0920  2241 1018  2245 1021
08  1533 0306  1642 0418  1610 0345  1729 0459  1825 0552  2002 0736  2012 0749  2102 0838  2214 0947  2234 1009  2325 1102  2333 1108
09  1624 0357  1728 0504  1657 0432  1830 0558  1928 0656  2049 0825  2054 0832  2149 0924  2305 1038  2321 1056       1146       1158
10  1712 0447  1814 0550  1747 0521  1933 0701  2026 0756  2132 0910  2137 0914  2239 1013  2354 1128       1142  0010 1232  0026 1254
11  1759 0535  1901 0636  1841 0613  2035 0804  2118 0852  2214 0953  2221 0957  2330 1103       1217  0006 1227  0058 1322  0125 1356
12  1845 0621  1951 0725  1938 0708  2135 0905  2206 0942  2256 1034  2306 1042       1154  0042 1304  0050 1311  0149 1415  0230 1502
13  1930 0706  2045 0816  2038 0806  2230 1002  2251 1028  2339 1116  2354 1129  0021 1245  0129 1350  0135 1357  0245 1514  0337 1610
14  2016 0751  2143 0912  2140 0908  2320 1055  2333 1111       1159       1218  0112 1335  0213 1434  0221 1444  0346 1618  0444 1715
15  2104 0838  2244 1012  2241 1009       1143       1153  0023 1245  0044 1308  0201 1424  0258 1519  0310 1535  0451 1723  0547 1815
16  2156 0928  2347 1115  2339 1109  0007 1229  0015 1235  0109 1332  0135 1400  0248 1510  0342 1604  0403 1629  0557 1828  0644 1909
17  2252 1022       1217       1206  0051 1312  0057 1317  0158 1422  0227 1450  0333 1554  0428 1651  0459 1728  0700 1928  0735 1959
18  2353 1121  0049 1318  0033 1258  0134 1354  0140 1401  0248 1513  0317 1540  0417 1638  0517 1742  0600 1831  0758 2024  0823 2044
19       1224  0148 1414  0124 1346  0216 1436  0225 1447  0340 1604  0405 1627  0501 1722  0610 1837  0704 1934  0851 2115  0907 2128
20  0058 1329  0242 1506  0210 1432  0259 1519  0312 1535  0430 1654  0451 1712  0545 1807  0707 1936  0806 2036  0939 2201  0951 2211
21  0203 1433  0331 1554  0255 1515  0343 1604  0402 1626  0519 1742  0535 1756  0631 1854  0807 2037  0906 2134  1025 2246  1034 2255
22  0305 1533  0418 1639  0338 1558  0429 1651  0452 1717  0607 1828  0618 1839  0720 1945  0910 2140  1002 2227  1108 2329  1118 2340
23  0403 1628  0502 1722  0420 1641  0517 1740  0544 1807  0652 1913  0702 1923  0814 2041  1012 2241  1053 2316  1151       1205     
24  0455 1718  0544 1805  0504 1725  0607 1831  0634 1857  0736 1957  0746 2008  0912 2142  1111 2338  1141       1235 0012  1253 0028
25  0543 1804  0627 1847  0548 1810  0658 1922  0723 1945  0820 2041  0833 2057  1014 2245  1206       1226 0003  1321 0057  1344 0117
26  0627 1848  0710 1932  0635 1858  0749 2013  0810 2031  0904 2126  0925 2151  1118 2349  1258 0032  1310 0047  1408 0143  1435 0208
27  0710 1930  0756 2018  0724 1948  0840 2103  0855 2116  0950 2214  1021 2250  1222       1346 0121  1354 0131  1458 0231  1526 0300
28  0751 2011  0843 2106  0814 2039  0928 2151  0940 2201  1041 2306  1123 2354  1321 0051  1431 0208  1439 0215  1549 0322  1616 0350
29  0834 2054  0932 2157  0906 2130  1016 2238  1025 2247  1136       1228       1416 0148  1516 0252  1526 0301  1640 0413  1704 0439
30  0917 2138             0958 2222  1102 2324  1112 2335  1237 0004  1335 0101  1507 0241  1601 0337  1614 0349  1731 0505  1749 0525
31  1003 2225             1048 2312             1201                  1438 0206  1555 0330             1705 0438             1832 0609

             o  ,    o  ,                                                                              Astronomical Applications Dept.
Location: E051 30, S00 07                         Rise and Set for the Moon for 2005                   U. S. Naval Observatory        
                                                                                                       Washington, DC  20392-5420     
                                                            Universal Time                                                            
                                                                                                                                      
                                                                                                                                      
       Jan.       Feb.       Mar.       Apr.       May        June       July       Aug.       Sept.      Oct.       Nov.       Dec.  
Day Rise  Set  Rise  Set  Rise  Set  Rise  Set  Rise  Set  Rise  Set  Rise  Set  Rise  Set  Rise  Set  Rise  Set  Rise  Set  Rise  Set
     h m  h m   h m  h m   h m  h m   h m  h m   h m  h m   h m  h m   h m  h m   h m  h m   h m  h m   h m  h m   h m  h m   h m  h m
01  1913 0652  2004 0740  1850 0625  2038 0806  2130 0902  2240 1017  2257 1032       1150  0043 1305  0049 1309  0130 1352  0150 1418
02  1955 0733  2054 0828  1943 0715  2140 0908  2222 0956  2325 1102  2346 1120  0018 1242  0128 1348  0130 1349  0217 1441  0249 1519
03  2037 0815  2150 0920  2040 0810  2239 1009  2310 1046       1147       1210  0109 1333  0210 1430  0210 1430  0307 1533  0352 1623
04  2122 0858  2251 1019  2142 0910  2335 1106  2357 1133  0011 1234  0037 1302  0159 1421  0251 1510  0252 1512  0402 1631  0456 1726
05  2211 0945  2356 1122  2246 1013       1200       1218  0059 1323  0129 1354  0245 1507  0331 1550  0335 1557  0502 1731  0557 1825
06  2305 1037       1228  2349 1117  0026 1250  0042 1304  0150 1414  0222 1446  0329 1550  0411 1631  0422 1646  0603 1833  0655 1921
07       1134  0102 1333       1218  0115 1337  0128 1350  0242 1507  0313 1536  0411 1631  0453 1714  0513 1740  0705 1934  0748 2012
08  0006 1237  0206 1435  0049 1316  0202 1424  0216 1439  0335 1600  0402 1624  0452 1711  0537 1800  0609 1837  0804 2031  0837 2100
09  0111 1344  0306 1532  0144 1410  0249 1511  0305 1529  0427 1651  0447 1708  0531 1751  0625 1849  0708 1938  0859 2124  0924 2146
10  0219 1452  0400 1624  0236 1500  0336 1559  0357 1622  0518 1741  0531 1751  0612 1832  0717 1944  0809 2039  0950 2214  1010 2232
11  0326 1556  0450 1713  0325 1548  0425 1648  0450 1715  0606 1827  0612 1831  0654 1915  0814 2043  0910 2139  1039 2302  1057 2320
12  0428 1655  0538 1800  0412 1635  0515 1739  0543 1807  0651 1911  0652 1911  0739 2002  0915 2145  1009 2235  1126 2349  1146     
13  0524 1749  0624 1846  0459 1722  0607 1832  0635 1858  0733 1953  0732 1952  0829 2055  1018 2248  1104 2329  1214       1237 0009
14  0615 1838  0710 1932  0547 1810  0700 1925  0724 1947  0814 2034  0814 2034  0924 2152  1120 2349  1156       1302 0036  1330 0101
15  0702 1924  0757 2019  0636 1859  0752 2016  0811 2032  0855 2115  0857 2120  1024 2255  1219       1245 0019  1353 0126  1425 0156
16  0747 2008  0845 2108  0726 1950  0843 2106  0855 2116  0936 2157  0945 2211  1128       1315 0046  1334 0108  1446 0217  1520 0251
17  0831 2052  0935 2159  0818 2042  0931 2154  0938 2158  1020 2242  1039 2307  1234 0000  1407 0140  1423 0157  1540 0311  1614 0346
18  0916 2138  1026 2250  0910 2134  1018 2239  1019 2239  1106 2331  1138       1337 0105  1457 0231  1513 0246  1636 0407  1704 0438
19  1002 2225  1117 2341  1001 2225  1101 2322  1101 2321  1158       1243 0009  1436 0206  1547 0321  1605 0337  1731 0502  1751 0527
20  1050 2313  1208       1051 2314  1144       1144       1256 0025  1350 0115  1531 0303  1636 0410  1659 0430  1823 0556  1835 0612
21  1140       1257 0031  1138       1226 0004  1230 0005  1359 0126  1455 0222  1622 0355  1726 0459  1754 0525  1912 0646  1916 0655
22  1231 0004  1344 0119  1224 0000  1308 0046  1319 0053  1506 0231  1557 0326  1711 0445  1818 0551  1849 0620  1957 0734  1956 0735
23  1322 0055  1428 0205  1307 0045  1353 0129  1414 0145  1612 0338  1653 0424  1759 0534  1912 0643  1942 0714  2040 0818  2035 0814
24  1412 0146  1511 0249  1350 0128  1440 0215  1514 0243  1715 0443  1745 0518  1847 0622  2006 0737  2032 0806  2121 0859  2115 0854
25  1501 0236  1553 0331  1432 0210  1532 0304  1619 0345  1812 0543  1833 0608  1937 0711  2059 0831  2119 0855  2200 0940  2157 0935
26  1547 0323  1635 0413  1515 0252  1628 0358  1724 0450  1904 0638  1920 0656  2028 0801  2150 0923  2203 0940  2241 1020  2243 1019
27  1630 0408  1717 0455  1559 0336  1728 0457  1827 0555  1953 0728  2007 0742  2120 0853  2239 1014  2245 1023  2322 1100  2334 1107
28  1712 0451  1802 0538  1647 0422  1831 0559  1926 0656  2039 0815  2054 0829  2213 0945  2325 1101  2326 1105       1144       1201
29  1754 0532             1739 0512  1934 0702  2019 0752  2124 0900  2143 0917  2305 1038       1145       1145  0007 1230  0031 1300
30  1835 0613             1835 0606  2034 0804  2109 0843  2210 0945  2233 1006  2355 1129  0008 1228  0006 1226  0056 1322  0133 1404
31  1918 0656             1936 0704             2155 0931             2325 1058       1218             0047 1308             0238 1509

             o  ,    o  ,                                                                              Astronomical Applications Dept.
Location: E051 30, S00 07                         Rise and Set for the Moon for 2006                   U. S. Naval Observatory        
                                                                                                       Washington, DC  20392-5420     
                                                            Universal Time                                                            
                                                                                                                                      
                                                                                                                                      
       Jan.       Feb.       Mar.       Apr.       May        June       July       Aug.       Sept.      Oct.       Nov.       Dec.  
Day Rise  Set  Rise  Set  Rise  Set  Rise  Set  Rise  Set  Rise  Set  Rise  Set  Rise  Set  Rise  Set  Rise  Set  Rise  Set  Rise  Set
     h m  h m   h m  h m   h m  h m   h m  h m   h m  h m   h m  h m   h m  h m   h m  h m   h m  h m   h m  h m   h m  h m   h m  h m
01  0342 1612  0512 1736  0348 1612  0459 1725  0535 1802  0656 1917  0658 1917  0732 1953  0839 2106  0923 2151  1049 2312  1109 2333
02  0444 1711  0602 1825  0438 1702  0555 1822  0632 1858  0740 2001  0737 1956  0816 2038  0936 2205  1020 2247  1138       1202     
03  0540 1806  0650 1913  0529 1753  0652 1919  0726 1950  0822 2041  0816 2035  0903 2127  1036 2306  1116 2342  1229 0002  1257 0027
04  0632 1856  0739 2002  0620 1845  0749 2015  0816 2039  0902 2121  0856 2116  0955 2222  1137       1209       1321 0053  1357 0125
05  0721 1944  0829 2053  0713 1939  0843 2108  0903 2124  0941 2200  0938 2159  1051 2321  1235 0005  1301 0034  1417 0147  1458 0226
06  0809 2031  0921 2146  0808 2034  0935 2158  0946 2205  1020 2240  1023 2247  1152       1331 0103  1352 0125  1515 0244  1600 0327
07  0855 2118  1014 2240  0903 2129  1023 2244  1026 2245  1101 2322  1113 2340  1254 0022  1425 0157  1445 0217  1616 0344  1658 0427
08  0943 2206  1108 2334  0957 2223  1108 2328  1106 2324  1145       1209       1355 0124  1517 0250  1539 0310  1717 0445  1751 0523
09  1033 2257  1202       1050 2314  1149       1145       1233 0008  1309 0037  1453 0224  1608 0341  1635 0405  1817 0546  1840 0615
10  1124 2350  1254 0027  1140       1229 0009  1225 0004  1326 0058  1411 0139  1548 0320  1700 0433  1734 0503  1911 0643  1924 0701
11  1218       1343 0117  1226 0002  1308 0048  1307 0045  1424 0154  1513 0241  1640 0413  1754 0525  1834 0602  2002 0736  2005 0744
12  1313 0044  1428 0205  1310 0047  1348 0127  1353 0129  1524 0253  1612 0342  1730 0503  1850 0620  1933 0702  2047 0824  2044 0824
13  1406 0138  1511 0249  1351 0130  1429 0207  1443 0217  1626 0354  1707 0439  1820 0553  1947 0717  2029 0800  2129 0908  2123 0903
14  1458 0231  1552 0331  1431 0210  1512 0249  1537 0308  1725 0455  1759 0532  1910 0643  2045 0814  2120 0853  2209 0949  2202 0942
15  1546 0321  1631 0411  1510 0249  1558 0334  1635 0405  1822 0553  1848 0622  2003 0735  2141 0912  2207 0943  2248 1028  2244 1022
16  1631 0408  1710 0450  1549 0328  1648 0422  1735 0504  1914 0647  1936 0711  2058 0828  2235 1007  2251 1029  2327 1107  2328 1105
17  1713 0451  1749 0529  1630 0409  1743 0515  1834 0604  2003 0738  2025 0759  2154 0924  2324 1058  2332 1111       1146       1151
18  1753 0532  1831 0609  1714 0451  1841 0611  1932 0703  2051 0826  2115 0848  2250 1021       1146       1151  0007 1227  0016 1241
19  1832 0612  1916 0652  1801 0536  1940 0710  2026 0758  2138 0913  2207 0939  2346 1117  0010 1230  0011 1230  0049 1311  0108 1335
20  1911 0651  2004 0739  1852 0625  2039 0809  2117 0850  2227 1001  2302 1033       1211  0052 1312  0050 1309  0135 1358  0204 1432
21  1951 0730  2058 0830  1948 0719  2136 0907  2205 0940  2318 1051  2359 1128  0038 1301  0133 1351  0129 1348  0224 1450  0302 1531
22  2035 0812  2157 0926  2047 0816  2230 1002  2253 1028       1143       1225  0126 1348  0212 1430  0209 1430  0317 1545  0401 1629
23  2122 0857  2259 1027  2147 0916  2321 1055  2342 1116  0012 1238  0055 1321  0211 1431  0250 1509  0252 1515  0413 1642  0457 1724
24  2214 0946       1129  2247 1017       1145       1205  0108 1335  0150 1415  0253 1512  0329 1549  0339 1603  0511 1739  0551 1816
25  2312 1041  0002 1232  2345 1115  0011 1234  0032 1257  0206 1433  0242 1505  0333 1552  0410 1631  0429 1655  0608 1835  0641 1905
26       1142  0103 1331       1211  0100 1324  0125 1351  0303 1529  0329 1551  0412 1630  0454 1717  0522 1750  0702 1928  0730 1952
27  0015 1246  0201 1428  0040 1305  0151 1415  0221 1449  0357 1622  0414 1633  0450 1709  0541 1806  0619 1846  0754 2018  0817 2039
28  0120 1351  0256 1521  0132 1356  0244 1509  0320 1547  0448 1710  0455 1714  0530 1750  0632 1859  0716 1943  0844 2107  0905 2128
29  0223 1453             0223 1447  0339 1606  0418 1645  0534 1755  0534 1753  0612 1833  0727 1955  0812 2039  0932 2154  0955 2219
30  0324 1551             0314 1538  0436 1704  0514 1740  0617 1837  0613 1832  0656 1920  0824 2053  0906 2132  1020 2243  1047 2313
31  0420 1645             0406 1631             0607 1831             0652 1911  0745 2011             0958 2223             1144     

             o  ,    o  ,                                                                              Astronomical Applications Dept.
Location: E051 30, S00 07                         Rise and Set for the Moon for 2007                   U. S. Naval Observatory        
                                                                                                       Washington, DC  20392-5420     
                                                            Universal Time                                                            
                                                                                                                                      
                                                                                                                                      
       Jan.       Feb.       Mar.       Apr.       May        June       July       Aug.       Sept.      Oct.       Nov.       Dec.  
Day Rise  Set  Rise  Set  Rise  Set  Rise  Set  Rise  Set  Rise  Set  Rise  Set  Rise  Set  Rise  Set  Rise  Set  Rise  Set  Rise  Set
     h m  h m   h m  h m   h m  h m   h m  h m   h m  h m   h m  h m   h m  h m   h m  h m   h m  h m   h m  h m   h m  h m   h m  h m
01  1243 0011  1421 0154  1306 0040  1351 0131  1350 0129  1458 0231  1537 0308  1653 0428  1807 0539  1856 0623  2039 0811  2049 0827
02  1344 0112  1509 0245  1351 0127  1430 0210  1434 0211  1553 0325  1630 0403  1741 0516  1904 0633  1958 0725  2126 0902  2130 0909
03  1443 0212  1554 0331  1432 0211  1510 0249  1520 0256  1648 0420  1721 0455  1830 0604  2003 0731  2057 0826  2210 0948  2210 0949
04  1539 0310  1635 0414  1512 0252  1551 0330  1610 0345  1742 0515  1810 0545  1920 0653  2104 0832  2152 0924  2251 1030  2250 1029
05  1630 0403  1715 0454  1552 0331  1636 0413  1703 0436  1834 0608  1857 0632  2013 0744  2204 0933  2242 1016  2331 1111  2332 1110
06  1716 0452  1754 0534  1631 0410  1723 0459  1758 0530  1924 0658  1944 0719  2109 0839  2302 1032  2328 1104       1150       1153
07  1759 0537  1833 0613  1711 0450  1814 0548  1852 0625  2012 0747  2032 0806  2209 0937  2355 1128       1149  0011 1230  0015 1238
08  1840 0619  1914 0653  1753 0531  1908 0640  1946 0719  2059 0834  2123 0855  2310 1037       1219  0011 1231  0051 1312  0102 1326
09  1919 0658  1958 0735  1839 0615  2003 0735  2037 0811  2146 0921  2217 0948       1138  0044 1306  0052 1311  0134 1355  0152 1417
10  1958 0737  2045 0820  1928 0702  2058 0830  2127 0901  2236 1009  2315 1044  0010 1238  0130 1350  0131 1351  0218 1441  0243 1509
11  2038 0817  2136 0910  2020 0753  2152 0924  2216 0950  2329 1101       1144  0107 1333  0212 1432  0211 1431  0306 1530  0336 1602
12  2120 0858  2231 1003  2115 0847  2244 1017  2304 1038       1156  0017 1247  0200 1424  0253 1512  0252 1513  0356 1621  0429 1654
13  2206 0942  2329 1100  2212 0943  2335 1109  2354 1127  0027 1255  0120 1349  0249 1510  0333 1552  0335 1557  0448 1714  0520 1744
14  2256 1030       1158  2309 1040       1159       1218  0129 1358  0221 1448  0333 1554  0413 1633  0421 1644  0540 1806  0609 1832
15  2350 1122  0028 1256       1136  0026 1249  0047 1313  0233 1502  0317 1542  0415 1635  0455 1716  0509 1734  0632 1857  0656 1918
16       1218  0126 1353  0004 1230  0116 1341  0144 1412  0336 1604  0409 1632  0456 1715  0538 1801  0600 1825  0723 1947  0741 2003
17  0047 1316  0221 1447  0058 1323  0209 1434  0244 1514  0435 1702  0456 1717  0536 1755  0625 1849  0652 1918  0811 2034  0827 2049
18  0147 1416  0314 1538  0150 1414  0304 1531  0348 1618  0530 1754  0539 1759  0616 1837  0714 1940  0745 2011  0859 2121  0914 2137
19  0246 1513  0405 1629  0241 1505  0403 1632  0452 1722  0619 1841  0620 1840  0659 1920  0806 2033  0838 2103  0945 2208  1003 2228
20  0342 1608  0455 1719  0333 1557  0505 1735  0554 1821  0704 1924  0700 1919  0744 2007  0900 2127  0929 2153  1033 2256  1057 2324
21  0435 1659  0546 1810  0426 1652  0608 1837  0650 1915  0745 2005  0740 2000  0832 2056  0954 2221  1018 2242  1123 2347  1156     
22  0525 1749  0638 1904  0522 1749  0710 1937  0741 2003  0825 2044  0821 2042  0923 2149  1048 2314  1107 2330  1216       1259 0025
23  0614 1837  0733 2000  0621 1849  0807 2032  0827 2047  0904 2124  0905 2127  1017 2244  1140       1156       1314 0042  1405 0130
24  0703 1926  0830 2058  0721 1950  0859 2122  0909 2129  0944 2205  0951 2215  1112 2340  1231 0005  1246 0020  1417 0143  1510 0236
25  0752 2016  0929 2157  0821 2049  0947 2208  0949 2208  1026 2248  1041 2307  1208       1321 0055  1339 0111  1523 0247  1612 0340
26  0844 2109  1028 2255  0920 2146  1031 2250  1028 2247  1111 2334  1134       1302 0034  1411 0145  1435 0205  1629 0354  1707 0439
27  0938 2205  1124 2350  1014 2238  1112 2330  1107 2327  1159       1230 0001  1354 0127  1502 0235  1536 0303  1732 0459  1757 0532
28  1035 2303  1217       1104 2326  1151       1148       1251 0024  1326 0057  1445 0218  1556 0327  1640 0406  1829 0559  1843 0619
29  1134                  1149       1230 0009  1231 0008  1345 0117  1421 0153  1534 0308  1653 0422  1745 0511  1920 0654  1926 0704
30  1233 0002             1232 0010  1309 0049  1317 0053  1441 0213  1514 0247  1623 0357  1754 0521  1848 0615  2007 0743  2006 0745
31  1329 0100             1312 0051             1406 0140             1605 0339  1714 0447             1946 0716             2047 0826

             o  ,    o  ,                                                                              Astronomical Applications Dept.
Location: E051 30, S00 07                         Rise and Set for the Moon for 2008                   U. S. Naval Observatory        
                                                                                                       Washington, DC  20392-5420     
                                                            Universal Time                                                            
                                                                                                                                      
                                                                                                                                      
       Jan.       Feb.       Mar.       Apr.       May        June       July       Aug.       Sept.      Oct.       Nov.       Dec.  
Day Rise  Set  Rise  Set  Rise  Set  Rise  Set  Rise  Set  Rise  Set  Rise  Set  Rise  Set  Rise  Set  Rise  Set  Rise  Set  Rise  Set
     h m  h m   h m  h m   h m  h m   h m  h m   h m  h m   h m  h m   h m  h m   h m  h m   h m  h m   h m  h m   h m  h m   h m  h m
01  2128 0907  2228 1002  2202 0935  2314 1050  2325 1101       1210  0029 1300  0225 1451  0330 1551  0336 1558  0443 1708  0509 1733
02  2211 0949  2320 1053  2255 1028       1137       1148  0041 1310  0135 1407  0319 1542  0414 1635  0422 1646  0534 1759  0556 1819
03  2257 1033       1146  2347 1120  0002 1225  0013 1237  0144 1415  0241 1511  0408 1630  0458 1720  0510 1734  0625 1849  0642 1903
04  2345 1120  0013 1239       1211  0050 1312  0105 1331  0251 1522  0344 1611  0454 1716  0543 1806  0600 1825  0714 1937  0726 1946
05       1210  0106 1332  0037 1301  0138 1401  0201 1429  0358 1629  0440 1705  0538 1759  0630 1853  0650 1916  0801 2023  0808 2029
06  0037 1303  0158 1422  0126 1349  0228 1453  0302 1532  0502 1730  0532 1754  0622 1843  0718 1942  0741 2006  0846 2108  0851 2112
07  0130 1356  0248 1511  0214 1437  0322 1548  0407 1638  0601 1826  0619 1840  0705 1927  0808 2033  0832 2056  0931 2152  0936 2158
08  0223 1449  0336 1558  0302 1524  0419 1647  0513 1744  0653 1916  0703 1923  0750 2013  0859 2124  0921 2144  1015 2236  1023 2247
09  0315 1540  0423 1645  0350 1613  0521 1750  0618 1846  0741 2002  0745 2006  0837 2101  0950 2215  1008 2231  1100 2322  1115 2341
10  0406 1629  0509 1731  0440 1705  0624 1854  0717 1943  0825 2046  0828 2049  0926 2151  1041 2305  1054 2316  1147       1212     
11  0454 1716  0557 1820  0534 1800  0728 1957  0811 2035  0907 2127  0911 2133  1016 2242  1130 2353  1140       1238 0010  1315 0041
12  0540 1802  0647 1911  0631 1859  0829 2056  0900 2122  0949 2209  0956 2219  1108 2333  1217       1225 0001  1333 0103  1422 0146
13  0626 1847  0740 2006  0732 2001  0925 2149  0945 2206  1031 2252  1043 2307  1159       1304 0040  1312 0047  1434 0201  1529 0254
14  0711 1934  0837 2105  0834 2103  1016 2238  1028 2248  1114 2336  1132 2358  1250 0024  1349 0126  1401 0135  1539 0304  1634 0400
15  0759 2022  0937 2207  0935 2203  1102 2323  1109 2329  1200       1224       1338 0114  1435 0211  1454 0225  1646 0410  1733 0502
16  0849 2114  1040 2309  1034 2300  1146       1150       1248 0023  1315 0049  1425 0201  1522 0257  1551 0320  1750 0516  1827 0559
17  0944 2211  1141       1128 2352  1228 0006  1232 0010  1338 0112  1406 0140  1510 0247  1612 0345  1653 0420  1850 0619  1916 0650
18  1043 2313  1239 0009  1218       1309 0048  1316 0053  1429 0203  1456 0231  1555 0332  1705 0436  1756 0522  1945 0716  2001 0738
19  1147       1333 0105  1304 0040  1351 0129  1402 0139  1520 0254  1543 0319  1640 0417  1802 0531  1900 0627  2034 0809  2045 0822
20  1251 0017  1423 0157  1348 0125  1434 0212  1451 0226  1611 0345  1629 0406  1727 0502  1902 0630  2001 0729  2120 0856  2128 0906
21  1353 0120  1509 0245  1430 0208  1519 0255  1542 0316  1659 0435  1713 0450  1817 0550  2005 0732  2057 0828  2204 0941  2212 0950
22  1451 0221  1552 0330  1511 0250  1606 0342  1633 0407  1745 0522  1757 0534  1910 0641  2107 0834  2149 0922  2247 1024  2258 1034
23  1544 0317  1635 0413  1554 0332  1655 0430  1724 0458  1830 0607  1842 0618  2007 0736  2206 0935  2236 1012  2330 1107  2345 1121
24  1633 0408  1716 0455  1637 0415  1746 0520  1813 0548  1914 0651  1929 0704  2108 0835  2301 1032  2321 1058       1151       1209
25  1717 0454  1759 0537  1723 0459  1837 0611  1901 0637  1958 0735  2019 0752  2211 0938  2351 1125       1142  0014 1236  0034 1259
26  1800 0538  1843 0620  1811 0546  1928 0702  1947 0724  2044 0820  2114 0845  2313 1040       1214  0005 1225  0100 1323  0125 1350
27  1841 0620  1930 0706  1901 0635  2018 0753  2032 0809  2133 0907  2214 0942       1141  0039 1300  0048 1309  0148 1413  0216 1440
28  1923 0701  2018 0753  1952 0726  2106 0841  2117 0854  2226 0957  2318 1044  0012 1239  0124 1345  0132 1353  0238 1503  0305 1529
29  2005 0743  2109 0843  2044 0818  2152 0928  2203 0939  2325 1053       1148  0107 1331  0208 1429  0217 1440  0329 1554  0354 1617
30  2050 0827             2136 0910  2238 1015  2251 1025       1154  0023 1253  0158 1420  0252 1513  0304 1528  0420 1644  0440 1702
31  2138 0913             2226 1000             2344 1115             0126 1354  0245 1507             0353 1618             0524 1745

             o  ,    o  ,                                                                              Astronomical Applications Dept.
Location: E051 30, S00 07                         Rise and Set for the Moon for 2009                   U. S. Naval Observatory        
                                                                                                       Washington, DC  20392-5420     
                                                            Universal Time                                                            
                                                                                                                                      
                                                                                                                                      
       Jan.       Feb.       Mar.       Apr.       May        June       July       Aug.       Sept.      Oct.       Nov.       Dec.  
Day Rise  Set  Rise  Set  Rise  Set  Rise  Set  Rise  Set  Rise  Set  Rise  Set  Rise  Set  Rise  Set  Rise  Set  Rise  Set  Rise  Set
     h m  h m   h m  h m   h m  h m   h m  h m   h m  h m   h m  h m   h m  h m   h m  h m   h m  h m   h m  h m   h m  h m   h m  h m
01  0607 1827  0700 1923  0547 1811  0732 2001  0824 2049  0936 2158  0951 2215  1107 2332  1217       1221 0000  1310 0045  1338 0107
02  0649 1909  0749 2014  0639 1905  0834 2102  0917 2140  1021 2243  1039 2303  1158       1301 0039  1303 0042  1401 0134  1440 0207
03  0731 1952  0843 2110  0736 2004  0932 2159  1006 2228  1107 2329  1129 2354  1247 0022  1343 0122  1346 0124  1456 0226  1544 0310
04  0816 2038  0942 2211  0836 2105  1028 2252  1052 2314  1153       1220       1335 0111  1425 0204  1431 0207  1554 0323  1646 0413
05  0904 2128  1045 2315  0938 2207  1119 2343  1137 2359  1242 0017  1311 0045  1420 0157  1507 0245  1519 0253  1656 0423  1746 0515
06  0956 2222  1149       1040 2308  1208       1223       1332 0107  1401 0136  1503 0241  1550 0327  1610 0342  1757 0525  1841 0612
07  1054 2323  1252 0019  1139       1255 0031  1309 0045  1424 0158  1450 0226  1545 0324  1635 0411  1705 0435  1857 0626  1933 0706
08  1157       1352 0121  1234 0005  1341 0117  1357 0132  1515 0249  1537 0314  1626 0405  1722 0457  1803 0532  1953 0724  2021 0756
09  1304 0028  1448 0219  1326 0059  1428 0203  1447 0221  1605 0340  1622 0359  1708 0446  1814 0546  1903 0631  2046 0818  2108 0844
10  1410 0135  1539 0312  1415 0150  1515 0250  1538 0312  1654 0430  1704 0443  1751 0528  1909 0639  2003 0732  2135 0909  2155 0931
11  1513 0240  1627 0402  1503 0238  1604 0339  1630 0403  1740 0517  1746 0524  1836 0612  2008 0737  2102 0831  2223 0958  2243 1018
12  1611 0341  1714 0450  1550 0325  1655 0429  1721 0455  1823 0601  1827 0605  1925 0658  2109 0837  2157 0928  2310 1046  2332 1107
13  1704 0436  1800 0536  1637 0412  1746 0520  1811 0546  1906 0644  1908 0646  2018 0749  2210 0938  2249 1022  2358 1133       1157
14  1753 0527  1847 0623  1725 0500  1838 0612  1858 0634  1947 0726  1952 0729  2116 0844  2308 1038  2339 1113       1221  0023 1249
15  1839 0615  1934 0710  1814 0549  1929 0703  1944 0721  2029 0807  2039 0814  2217 0944       1135       1202  0047 1311  0116 1342
16  1924 0700  2023 0758  1905 0639  2018 0753  2027 0805  2112 0849  2131 0903  2320 1047  0004 1229  0028 1251  0138 1403  0209 1434
17  2009 0745  2113 0848  1956 0730  2104 0841  2109 0848  2158 0934  2228 0957       1150  0057 1321  0116 1339  0230 1456  0301 1526
18  2054 0831  2204 0939  2047 0821  2149 0927  2152 0930  2249 1021  2329 1056  0023 1251  0148 1412  0205 1429  0323 1550  0351 1615
19  2141 0917  2255 1029  2137 0912  2233 1011  2235 1012  2344 1114       1159  0122 1349  0237 1501  0256 1521  0417 1642  0438 1701
20  2230 1005  2344 1120  2225 1001  2316 1054  2321 1056       1212  0034 1305  0218 1443  0327 1551  0348 1614  0508 1733  0523 1744
21  2320 1054       1208  2312 1048  2359 1137       1143  0045 1315  0139 1409  0311 1535  0417 1641  0441 1707  0557 1821  0606 1826
22       1145  0032 1255  2357 1134       1221  0010 1235  0150 1421  0242 1510  0401 1624  0508 1733  0534 1800  0644 1906  0647 1906
23  0011 1236  0118 1340       1218  0044 1307  0104 1331  0257 1527  0340 1606  0450 1713  0600 1825  0627 1852  0728 1948  0727 1947
24  0101 1326  0203 1424  0040 1301  0132 1356  0203 1432  0401 1629  0434 1658  0539 1802  0652 1918  0717 1941  0810 2030  0808 2028
25  0150 1414  0246 1507  0124 1345  0224 1449  0306 1537  0500 1726  0524 1747  0628 1852  0745 2010  0805 2027  0851 2111  0851 2112
26  0237 1500  0329 1550  0208 1429  0320 1547  0412 1642  0555 1819  0613 1835  0718 1943  0836 2100  0850 2112  0932 2152  0936 2159
27  0322 1544  0413 1634  0253 1516  0420 1649  0516 1745  0645 1908  0700 1923  0809 2035  0925 2148  0934 2154  1014 2235  1025 2250
28  0406 1626  0458 1721  0342 1606  0523 1753  0616 1843  0733 1955  0747 2011  0901 2127  1012 2234  1016 2236  1059 2322  1119 2347
29  0448 1709             0434 1700  0626 1855  0712 1936  0819 2041  0836 2100  0953 2217  1056 2317  1057 2317  1148       1219     
30  0531 1751             0530 1758  0727 1954  0803 2026  0905 2127  0925 2150  1043 2307  1139       1140       1240 0012  1322 0048
31  0614 1836             0630 1859             0851 2112             1016 2241  1131 2354             1223 0000             1426 0152

             o  ,    o  ,                                                                              Astronomical Applications Dept.
Location: E051 30, S00 07                         Rise and Set for the Moon for 2010                   U. S. Naval Observatory        
                                                                                                       Washington, DC  20392-5420     
                                                            Universal Time                                                            
                                                                                                                                      
                                                                                                                                      
       Jan.       Feb.       Mar.       Apr.       May        June       July       Aug.       Sept.      Oct.       Nov.       Dec.  
Day Rise  Set  Rise  Set  Rise  Set  Rise  Set  Rise  Set  Rise  Set  Rise  Set  Rise  Set  Rise  Set  Rise  Set  Rise  Set  Rise  Set
     h m  h m   h m  h m   h m  h m   h m  h m   h m  h m   h m  h m   h m  h m   h m  h m   h m  h m   h m  h m   h m  h m   h m  h m
01  1529 0256  1654 0426  1529 0302  1645 0417  1717 0449  1828 0604  1830 0609  1912 0649  2027 0758  2109 0839  2234 1007  2300 1033
02  1629 0358  1744 0518  1621 0354  1740 0512  1811 0544  1911 0649  1910 0649  1958 0733  2124 0853  2205 0935  2325 1058  2354 1126
03  1724 0455  1834 0608  1713 0446  1835 0607  1902 0636  1953 0732  1950 0729  2047 0821  2222 0951  2259 1030       1149       1221
04  1816 0549  1925 0658  1806 0538  1929 0702  1949 0725  2033 0812  2033 0810  2141 0912  2320 1050  2352 1124  0017 1242  0050 1318
05  1905 0639  2016 0749  1859 0631  2021 0755  2034 0811  2114 0853  2117 0853  2238 1007       1147       1217  0111 1337  0147 1416
06  1953 0728  2108 0841  1953 0725  2110 0845  2116 0855  2155 0933  2206 0940  2338 1106  0018 1244  0045 1310  0207 1435  0245 1513
07  2041 0816  2200 0933  2046 0819  2156 0933  2157 0936  2239 1016  2258 1030       1206  0113 1339  0138 1403  0305 1533  0342 1608
08  2130 0904  2252 1026  2138 0912  2239 1017  2238 1017  2326 1101  2355 1125  0039 1307  0207 1433  0232 1458  0403 1631  0435 1700
09  2220 0954  2343 1117  2228 1003  2321 1100  2319 1058       1150       1223  0138 1405  0301 1526  0327 1555  0501 1728  0525 1748
10  2312 1045       1207  2315 1051       1141       1140  0018 1243  0055 1324  0235 1501  0354 1620  0424 1652  0555 1821  0611 1833
11       1137  0032 1255       1137  0002 1221  0002 1223  0113 1341  0157 1426  0330 1555  0448 1715  0522 1750  0647 1910  0655 1915
12  0004 1229  0118 1340  0000 1221  0043 1303  0048 1311  0212 1441  0257 1525  0423 1648  0543 1810  0619 1846  0734 1956  0736 1956
13  0056 1321  0202 1423  0043 1303  0125 1345  0137 1401  0313 1542  0355 1622  0515 1740  0639 1906  0714 1940  0818 2039  0817 2036
14  0146 1410  0244 1504  0124 1344  0208 1430  0230 1456  0414 1641  0450 1715  0607 1832  0735 2002  0806 2030  0901 2120  0857 2117
15  0235 1457  0325 1545  0205 1424  0255 1518  0327 1554  0512 1738  0543 1807  0700 1925  0830 2056  0855 2117  0941 2201  0939 2159
16  0320 1542  0405 1625  0246 1505  0345 1610  0426 1654  0607 1831  0633 1857  0753 2020  0922 2147  0940 2201  1022 2241  1023 2244
17  0404 1624  0446 1706  0328 1548  0438 1705  0525 1753  0659 1922  0723 1947  0848 2114  1012 2236  1023 2243  1103 2323  1109 2333
18  0445 1705  0528 1749  0412 1633  0535 1802  0623 1850  0748 2012  0814 2038  0942 2208  1059 2321  1104 2324  1146       1159     
19  0526 1745  0613 1835  0459 1722  0633 1900  0719 1944  0837 2101  0905 2131  1035 2301  1143       1145       1231 0007  1253 0024
20  0606 1825  0701 1924  0549 1814  0731 1958  0811 2035  0926 2150  0958 2224  1126 2351  1226 0004  1226 0004  1319 0053  1350 0120
21  0647 1907  0752 2018  0643 1909  0828 2054  0902 2125  1016 2241  1052 2318  1215       1306 0046  1307 0045  1411 0143  1448 0217
22  0730 1951  0848 2115  0739 2007  0922 2147  0951 2214  1108 2334  1146       1301 0038  1347 0126  1351 0128  1506 0236  1546 0316
23  0816 2039  0947 2215  0838 2105  1014 2238  1040 2303  1202       1239 0012  1345 0123  1428 0206  1437 0212  1602 0332  1642 0413
24  0906 2131  1047 2316  0936 2204  1105 2329  1129 2354  1256 0028  1330 0104  1427 0205  1509 0247  1526 0300  1659 0429  1736 0508
25  1001 2228  1148       1034 2300  1155       1221       1351 0123  1418 0154  1507 0246  1553 0330  1618 0350  1755 0525  1827 0600
26  1100 2329  1247 0016  1129 2354  1245 0019  1314 0046  1444 0217  1503 0240  1547 0327  1640 0415  1712 0443  1848 0620  1917 0651
27  1203       1343 0114  1222       1337 0110  1409 0141  1534 0309  1546 0325  1628 0407  1729 0503  1808 0539  1940 0713  2007 0741
28  1306 0033  1437 0209  1314 0047  1430 0203  1505 0236  1622 0358  1628 0407  1710 0448  1821 0554  1904 0634  2030 0804  2057 0831
29  1408 0135             1406 0139  1526 0257  1600 0332  1707 0444  1708 0447  1755 0531  1916 0647  1959 0730  2119 0853  2149 0921
30  1506 0236             1458 0230  1622 0353  1652 0426  1749 0527  1748 0527  1842 0617  2013 0743  2052 0824  2209 0943  2242 1014
31  1602 0333             1551 0323             1742 0517             1829 0607  1933 0705             2143 0916             2338 1109

             o  ,    o  ,                                                                              Astronomical Applications Dept.
Location: E051 30, S00 07                         Rise and Set for the Moon for 2011                   U. S. Naval Observatory        
                                                                                                       Washington, DC  20392-5420     
                                                            Universal Time                                                            
                                                                                                                                      
                                                                                                                                      
       Jan.       Feb.       Mar.       Apr.       May        June       July       Aug.       Sept.      Oct.       Nov.       Dec.  
Day Rise  Set  Rise  Set  Rise  Set  Rise  Set  Rise  Set  Rise  Set  Rise  Set  Rise  Set  Rise  Set  Rise  Set  Rise  Set  Rise  Set
     h m  h m   h m  h m   h m  h m   h m  h m   h m  h m   h m  h m   h m  h m   h m  h m   h m  h m   h m  h m   h m  h m   h m  h m
01       1205  0110 1334       1219  0048 1307  0050 1310  0151 1416  0224 1450  0348 1612  0508 1734  0549 1818  0726 1951  0742 2004
02  0034 1302  0159 1421  0042 1304  0128 1348  0133 1354  0244 1509  0319 1544  0439 1704  0604 1831  0649 1917  0817 2040  0826 2046
03  0130 1357  0244 1506  0126 1346  0209 1429  0219 1441  0338 1604  0412 1637  0530 1755  0701 1929  0747 2014  0903 2125  0908 2128
04  0225 1450  0328 1548  0208 1428  0251 1512  0307 1530  0432 1658  0504 1728  0622 1847  0759 2027  0841 2107  0947 2208  0950 2210
05  0316 1540  0409 1629  0249 1508  0335 1557  0357 1622  0526 1750  0555 1818  0715 1941  0857 2124  0933 2156  1029 2249  1031 2252
06  0404 1626  0450 1709  0329 1549  0421 1644  0450 1715  0617 1841  0645 1908  0810 2037  0952 2219  1021 2243  1111 2330  1115 2336
07  0449 1710  0530 1750  0410 1630  0510 1734  0543 1808  0708 1931  0735 1959  0906 2134  1045 2310  1106 2327  1152       1200     
08  0531 1751  0612 1832  0453 1713  0601 1825  0636 1901  0757 2021  0826 2051  1004 2232  1135 2359  1149       1234 0012  1247 0022
09  0612 1832  0655 1916  0537 1759  0653 1919  0729 1953  0847 2111  0919 2145  1101 2328  1222       1230 0009  1318 0055  1336 0110
10  0653 1912  0740 2003  0624 1847  0747 2012  0820 2044  0937 2202  1014 2241  1156       1307 0044  1312 0050  1404 0140  1427 0200
11  0734 1953  0829 2053  0713 1937  0840 2106  0911 2134  1029 2255  1111 2340  1249 0022  1350 0128  1354 0132  1452 0226  1519 0252
12  0816 2037  0920 2146  0805 2030  0934 2158  1001 2225  1124 2352  1210       1339 0113  1432 0210  1436 0214  1541 0315  1611 0343
13  0900 2122  1015 2241  0859 2125  1026 2250  1052 2316  1222       1307 0038  1425 0202  1513 0251  1521 0257  1632 0405  1701 0435
14  0948 2211  1112 2339  0954 2220  1118 2342  1144       1321 0050  1403 0135  1510 0247  1555 0333  1607 0342  1723 0456  1751 0525
15  1039 2304  1209       1050 2316  1210       1239 0010  1421 0150  1456 0229  1552 0330  1638 0415  1655 0429  1814 0547  1840 0614
16  1134       1306 0036  1145       1303 0035  1337 0106  1519 0250  1545 0320  1634 0412  1723 0459  1745 0518  1904 0638  1928 0703
17  1231 0000  1402 0132  1239 0010  1359 0129  1437 0206  1614 0346  1631 0407  1715 0454  1810 0545  1835 0608  1953 0727  2017 0751
18  1330 0059  1456 0228  1332 0104  1456 0226  1538 0306  1705 0440  1714 0452  1758 0535  1858 0633  1927 0700  2042 0816  2106 0840
19  1428 0157  1550 0322  1426 0158  1556 0325  1637 0407  1753 0529  1756 0535  1841 0618  1949 0722  2018 0751  2131 0905  2159 0931
20  1524 0254  1643 0415  1521 0252  1656 0425  1734 0505  1837 0615  1837 0616  1927 0703  2041 0814  2109 0842  2222 0955  2254 1025
21  1618 0350  1737 0509  1617 0348  1756 0525  1827 0600  1920 0658  1919 0657  2015 0749  2134 0906  2159 0933  2314 1046  2352 1122
22  1711 0443  1832 0603  1715 0445  1853 0624  1915 0651  2001 0740  2002 0739  2106 0839  2227 0959  2250 1023       1140       1222
23  1802 0535  1928 0659  1814 0543  1946 0719  2000 0737  2042 0820  2047 0823  2158 0930  2319 1052  2342 1114  0010 1238  0053 1323
24  1853 0627  2024 0755  1912 0642  2036 0811  2043 0821  2124 0902  2134 0909  2252 1024       1144       1207  0109 1338  0155 1424
25  1945 0718  2120 0852  2009 0740  2122 0859  2124 0903  2208 0945  2224 0957  2347 1118  0012 1237  0035 1301  0210 1441  0255 1523
26  2039 0811  2215 0947  2103 0835  2205 0943  2205 0944  2254 1029  2317 1049       1212  0105 1330  0131 1358  0313 1543  0352 1618
27  2133 0905  2307 1041  2153 0928  2247 1025  2246 1025  2343 1117       1142  0041 1306  0158 1424  0229 1458  0415 1643  0444 1708
28  2229 1000  2356 1131  2240 1017  2327 1106  2329 1106       1207  0011 1237  0134 1400  0253 1520  0330 1600  0513 1739  0533 1756
29  2324 1056             2325 1102       1147       1150  0035 1300  0106 1332  0227 1452  0350 1618  0432 1702  0607 1831  0619 1840
30       1151                  1145  0008 1228  0014 1236  0129 1355  0201 1427  0320 1545  0449 1718  0534 1802  0656 1919  0703 1923
31  0018 1244             0007 1227             0101 1325             0255 1520  0413 1639             0632 1859             0745 2005

             o  ,    o  ,                                                                              Astronomical Applications Dept.
Location: E051 30, S00 07                         Rise and Set for the Moon for 2012                   U. S. Naval Observatory        
                                                                                                       Washington, DC  20392-5420     
                                                            Universal Time                                                            
                                                                                                                                      
                                                                                                                                      
       Jan.       Feb.       Mar.       Apr.       May        June       July       Aug.       Sept.      Oct.       Nov.       Dec.  
Day Rise  Set  Rise  Set  Rise  Set  Rise  Set  Rise  Set  Rise  Set  Rise  Set  Rise  Set  Rise  Set  Rise  Set  Rise  Set  Rise  Set
     h m  h m   h m  h m   h m  h m   h m  h m   h m  h m   h m  h m   h m  h m   h m  h m   h m  h m   h m  h m   h m  h m   h m  h m
01  0827 2047  0920 2143  0850 2114  1002 2226  1021 2244  1138       1223       1407 0138  1514 0250  1524 0300  1626 0401  1647 0422
02  0910 2131  1009 2233  0940 2204  1052 2316  1111 2335  1237 0006  1326 0053  1500 0233  1559 0336  1609 0345  1715 0449  1734 0510
03  0954 2216  1100 2324  1031 2256  1142       1203       1339 0106  1427 0156  1549 0324  1644 0421  1656 0431  1803 0537  1820 0556
04  1040 2303  1152       1123 2347  1233 0006  1258 0028  1442 0209  1526 0256  1636 0412  1729 0506  1743 0518  1850 0625  1906 0642
05  1128 2352  1244 0016  1214       1325 0058  1356 0125  1545 0313  1620 0352  1722 0458  1815 0551  1831 0606  1937 0713  1951 0728
06  1219       1336 0109  1305 0038  1420 0151  1457 0225  1645 0415  1711 0445  1806 0543  1902 0637  1920 0654  2024 0759  2038 0813
07  1311 0043  1428 0201  1357 0130  1517 0247  1601 0328  1741 0513  1759 0535  1851 0627  1950 0724  2008 0743  2110 0846  2125 0900
08  1403 0135  1519 0252  1448 0221  1616 0345  1703 0431  1833 0607  1844 0621  1936 0712  2038 0813  2056 0831  2157 0933  2216 0949
09  1455 0228  1609 0342  1541 0313  1717 0446  1804 0533  1921 0657  1929 0706  2022 0757  2127 0901  2144 0919  2246 1020  2310 1041
10  1547 0320  1700 0433  1636 0407  1819 0547  1900 0632  2006 0743  2012 0749  2109 0844  2216 0951  2232 1007  2337 1110       1137
11  1637 0410  1751 0524  1732 0503  1919 0648  1952 0726  2050 0828  2056 0833  2157 0932  2306 1040  2320 1055       1202  0008 1237
12  1726 0500  1845 0617  1831 0600  2015 0746  2041 0816  2133 0911  2141 0918  2246 1020  2355 1129       1143  0031 1258  0109 1340
13  1815 0549  1940 0711  1930 0659  2108 0841  2126 0903  2216 0954  2228 1003  2336 1110       1218  0009 1233  0128 1357  0213 1444
14  1904 0638  2037 0807  2029 0758  2158 0932  2210 0948  2300 1037  2315 1050       1200  0043 1307  0100 1325  0229 1500  0317 1547
15  1955 0728  2135 0905  2126 0857  2244 1020  2253 1031  2346 1122       1139  0026 1250  0133 1356  0153 1420  0333 1603  0418 1647
16  2048 0820  2233 1003  2220 0952  2328 1105  2335 1113       1208  0005 1228  0116 1339  0223 1447  0249 1517  0436 1706  0516 1742
17  2144 0915  2330 1101  2311 1045       1149       1156  0033 1255  0054 1318  0205 1428  0314 1539  0348 1617  0537 1806  0610 1834
18  2242 1012       1156  2359 1135  0011 1231  0018 1239  0121 1344  0144 1408  0253 1516  0408 1634  0449 1719  0635 1901  0659 1922
19  2341 1110  0024 1249       1222  0054 1314  0103 1325  0210 1434  0234 1457  0342 1605  0503 1731  0551 1820  0728 1953  0747 2008
20       1210  0115 1338  0045 1307  0136 1357  0149 1411  0300 1524  0323 1546  0431 1655  0601 1830  0651 1919  0818 2041  0832 2053
21  0040 1308  0203 1425  0129 1350  0220 1441  0236 1459  0350 1613  0411 1633  0522 1747  0700 1929  0749 2015  0905 2127  0916 2138
22  0137 1404  0249 1510  0212 1433  0305 1527  0325 1548  0438 1701  0458 1721  0615 1841  0800 2028  0843 2108  0950 2212  1001 2222
23  0232 1457  0333 1553  0255 1516  0352 1614  0414 1638  0526 1748  0546 1809  0710 1937  0858 2125  0933 2157  1034 2255  1046 2308
24  0322 1546  0416 1636  0338 1559  0439 1702  0503 1727  0613 1835  0635 1859  0807 2035  0953 2219  1021 2243  1118 2340  1132 2354
25  0410 1632  0459 1720  0423 1644  0528 1751  0552 1815  0700 1923  0725 1950  0906 2134  1046 2310  1107 2328  1203       1219     
26  0455 1716  0542 1803  0508 1730  0617 1841  0640 1903  0748 2011  0818 2044  1004 2233  1136 2359  1152       1248 0024  1307 0042
27  0539 1759  0627 1849  0555 1818  0706 1930  0728 1950  0837 2101  0914 2142  1102 2329  1223       1236 0013  1335 0110  1356 0130
28  0621 1842  0713 1935  0643 1906  0755 2018  0815 2037  0928 2154  1012 2241  1158       1309 0045  1320 0057  1423 0158  1444 0219
29  0704 1925  0801 2024  0732 1956  0844 2107  0903 2126  1024 2251  1112 2341  1250 0023  1354 0131  1405 0142  1511 0246  1532 0307
30  0748 2009             0822 2046  0932 2155  0952 2216  1122 2351  1212       1340 0115  1439 0215  1451 0227  1559 0334  1619 0354
31  0833 2055             0912 2136             1043 2309             1311 0041  1428 0204             1538 0314             1705 0441

             o  ,    o  ,                                                                              Astronomical Applications Dept.
Location: E051 30, S00 07                         Rise and Set for the Moon for 2013                   U. S. Naval Observatory        
                                                                                                       Washington, DC  20392-5420     
                                                            Universal Time                                                            
                                                                                                                                      
                                                                                                                                      
       Jan.       Feb.       Mar.       Apr.       May        June       July       Aug.       Sept.      Oct.       Nov.       Dec.  
Day Rise  Set  Rise  Set  Rise  Set  Rise  Set  Rise  Set  Rise  Set  Rise  Set  Rise  Set  Rise  Set  Rise  Set  Rise  Set  Rise  Set
     h m  h m   h m  h m   h m  h m   h m  h m   h m  h m   h m  h m   h m  h m   h m  h m   h m  h m   h m  h m   h m  h m   h m  h m
01  1750 0526  1857 0631  1745 0518  1928 0657  2013 0744  2128 0903  2144 0920  2250 1024  2353 1129       1139  0012 1236  0033 1300
02  1835 0612  1948 0721  1839 0611  2026 0756  2105 0839  2214 0950  2230 1006  2337 1112       1215  0003 1224  0102 1327  0131 1359
03  1921 0657  2043 0814  1936 0706  2123 0854  2155 0930  2300 1036  2317 1053       1200  0039 1301  0048 1310  0154 1421  0231 1501
04  2009 0744  2140 0910  2034 0804  2217 0949  2243 1018  2346 1122       1140  0025 1247  0124 1346  0135 1358  0250 1518  0333 1603
05  2100 0833  2240 1009  2133 0902  2308 1042  2329 1105       1208  0005 1228  0112 1334  0209 1431  0223 1447  0349 1617  0435 1704
06  2153 0925  2340 1109  2231 1001  2357 1132       1151  0032 1255  0053 1316  0158 1420  0255 1517  0313 1538  0449 1718  0535 1802
07  2251 1021       1209  2327 1058       1220  0015 1237  0120 1343  0141 1404  0243 1505  0341 1604  0406 1633  0549 1817  0631 1857
08  2352 1120  0040 1308       1154  0045 1307  0101 1323  0208 1431  0228 1451  0328 1549  0429 1653  0502 1729  0647 1915  0725 1949
09       1222  0137 1404  0021 1246  0132 1354  0148 1410  0256 1519  0315 1537  0412 1634  0519 1744  0559 1827  0744 2010  0815 2039
10  0054 1325  0232 1457  0113 1337  0219 1441  0235 1458  0344 1606  0400 1622  0457 1719  0612 1838  0657 1926  0837 2102  0904 2127
11  0157 1426  0324 1548  0203 1426  0305 1528  0323 1546  0431 1653  0445 1706  0543 1806  0707 1934  0756 2023  0928 2152  0952 2214
12  0257 1525  0413 1636  0251 1514  0353 1616  0412 1635  0517 1738  0529 1750  0631 1855  0804 2032  0852 2119  1017 2241  1039 2302
13  0354 1620  0501 1724  0339 1601  0441 1704  0500 1722  0602 1823  0613 1835  0722 1947  0902 2130  0947 2213  1106 2329  1127 2350
14  0447 1711  0548 1810  0426 1648  0529 1752  0547 1810  0646 1907  0658 1920  0815 2042  1000 2228  1040 2305  1154       1215     
15  0537 1800  0635 1857  0513 1735  0617 1840  0634 1856  0730 1951  0745 2008  0911 2140  1058 2325  1131 2355  1242 0016  1304 0038
16  0625 1847  0721 1944  0600 1823  0705 1928  0719 1941  0815 2037  0834 2059  1010 2239  1153       1221       1330 0105  1353 0127
17  0711 1933  0808 2031  0648 1911  0752 2015  0805 2026  0901 2124  0926 2153  1111 2340  1247 0019  1310 0044  1419 0154  1441 0216
18  0756 2018  0856 2119  0736 1959  0839 2101  0849 2111  0950 2215  1023 2251  1211       1339 0112  1359 0133  1509 0243  1529 0304
19  0842 2104  0944 2207  0824 2047  0925 2147  0935 2157  1042 2309  1122 2352  1309 0039  1429 0203  1448 0222  1558 0332  1616 0352
20  0928 2150  1032 2255  0912 2135  1011 2233  1021 2244  1138       1224       1406 0137  1519 0253  1537 0311  1646 0421  1701 0438
21  1015 2237  1120 2343  1000 2222  1057 2319  1110 2335  1238 0007  1327 0054  1459 0232  1609 0343  1627 0401  1734 0509  1745 0523
22  1102 2325  1208       1047 2309  1144       1202       1341 0108  1428 0156  1551 0324  1658 0432  1716 0451  1820 0556  1829 0606
23  1151       1255 0031  1133 2356  1233 0007  1258 0028  1445 0212  1526 0256  1641 0415  1747 0521  1805 0540  1905 0641  1912 0649
24  1239 0014  1342 0118  1220       1324 0057  1357 0126  1547 0315  1621 0353  1730 0505  1836 0610  1853 0628  1949 0726  1955 0733
25  1327 0102  1429 0205  1307 0042  1418 0150  1459 0227  1646 0416  1713 0446  1819 0554  1925 0659  1940 0716  2032 0810  2040 0817
26  1415 0150  1516 0252  1355 0130  1516 0246  1602 0330  1742 0513  1803 0537  1907 0642  2013 0748  2026 0802  2116 0853  2127 0903
27  1502 0237  1604 0339  1445 0219  1616 0345  1705 0433  1834 0607  1852 0627  1956 0730  2100 0836  2110 0847  2202 0938  2218 0951
28  1548 0324  1654 0428  1537 0310  1717 0446  1804 0534  1924 0658  1939 0714  2044 0819  2147 0923  2155 0932  2249 1024  2312 1043
29  1634 0410             1632 0403  1818 0547  1900 0631  2011 0746  2027 0802  2132 0907  2233 1009  2240 1016  2339 1113       1139
30  1720 0456             1729 0459  1917 0647  1952 0725  2058 0833  2114 0849  2220 0955  2318 1054  2325 1101       1205  0010 1239
31  1808 0543             1828 0558             2041 0815             2202 0937  2307 1042                  1147             0111 1341

             o  ,    o  ,                                                                              Astronomical Applications Dept.
Location: E051 30, S00 07                         Rise and Set for the Moon for 2014                   U. S. Naval Observatory        
                                                                                                       Washington, DC  20392-5420     
                                                            Universal Time                                                            
                                                                                                                                      
                                                                                                                                      
       Jan.       Feb.       Mar.       Apr.       May        June       July       Aug.       Sept.      Oct.       Nov.       Dec.  
Day Rise  Set  Rise  Set  Rise  Set  Rise  Set  Rise  Set  Rise  Set  Rise  Set  Rise  Set  Rise  Set  Rise  Set  Rise  Set  Rise  Set
     h m  h m   h m  h m   h m  h m   h m  h m   h m  h m   h m  h m   h m  h m   h m  h m   h m  h m   h m  h m   h m  h m   h m  h m
01  0214 1444  0352 1618  0229 1455  0345 1610  0408 1633  0519 1741  0530 1751  0619 1840  0725 1950  0803 2030  0939 2204  1011 2235
02  0316 1546  0446 1712  0323 1548  0437 1701  0459 1723  0605 1826  0613 1833  0704 1926  0818 2044  0859 2126  1032 2257  1102 2327
03  0417 1644  0539 1803  0416 1640  0528 1753  0550 1813  0650 1911  0655 1916  0750 2013  0913 2140  0955 2222  1124 2349  1154     
04  0514 1740  0630 1853  0508 1732  0619 1843  0638 1901  0733 1954  0738 1959  0839 2104  1010 2238  1051 2318  1217       1246 0019
05  0608 1833  0719 1943  0559 1823  0709 1933  0725 1947  0816 2037  0822 2044  0931 2158  1109 2337  1147       1310 0042  1339 0111
06  0659 1923  0809 2032  0649 1913  0758 2021  0810 2032  0859 2120  0908 2131  1027 2255  1207       1241 0013  1403 0135  1432 0204
07  0749 2012  0858 2121  0739 2003  0846 2108  0855 2116  0943 2205  0956 2221  1125 2354  1305 0035  1336 0107  1457 0229  1525 0257
08  0837 2100  0946 2209  0829 2052  0932 2153  0938 2159  1029 2251  1048 2315  1225       1402 0132  1430 0201  1551 0322  1615 0349
09  0925 2148  1035 2258  0918 2140  1017 2238  1021 2242  1117 2341  1144       1326 0055  1457 0228  1524 0255  1644 0416  1704 0439
10  1013 2236  1123 2345  1005 2228  1101 2321  1105 2327  1208       1243 0012  1426 0155  1552 0323  1618 0349  1735 0508  1751 0527
11  1101 2324  1210       1052 2314  1144       1151       1303 0034  1344 0112  1523 0253  1646 0417  1711 0443  1825 0559  1836 0613
12  1150       1256 0032  1137 2359  1228 0005  1238 0014  1402 0131  1445 0214  1619 0350  1739 0511  1804 0536  1912 0648  1920 0657
13  1238 0013  1341 0118  1222       1313 0050  1329 0102  1502 0230  1545 0314  1713 0445  1831 0604  1856 0629  1958 0734  2002 0740
14  1326 0101  1426 0203  1306 0043  1400 0135  1422 0154  1603 0331  1643 0413  1806 0538  1923 0656  1945 0719  2042 0819  2044 0822
15  1413 0149  1509 0247  1350 0127  1448 0223  1519 0249  1702 0431  1739 0510  1858 0631  2014 0748  2033 0808  2125 0902  2127 0905
16  1459 0235  1553 0330  1434 0211  1539 0313  1617 0347  1800 0530  1832 0604  1949 0722  2104 0838  2119 0855  2207 0945  2212 0949
17  1544 0320  1637 0414  1519 0255  1633 0405  1716 0446  1854 0626  1923 0656  2040 0813  2152 0927  2204 0941  2250 1028  2259 1034
18  1627 0405  1721 0458  1606 0341  1729 0500  1815 0545  1947 0719  2014 0747  2130 0904  2239 1014  2247 1025  2335 1112  2348 1122
19  1711 0448  1808 0544  1654 0429  1826 0556  1911 0642  2037 0811  2104 0837  2220 0954  2324 1100  2330 1108       1157       1213
20  1754 0531  1857 0631  1745 0518  1923 0654  2006 0738  2127 0901  2154 0927  2308 1043       1145       1151  0021 1244  0041 1308
21  1837 0615  1948 0721  1838 0611  2020 0751  2058 0831  2216 0950  2243 1017  2356 1131  0008 1229  0013 1234  0110 1334  0137 1405
22  1923 0659  2042 0814  1934 0705  2115 0847  2149 0923  2306 1040  2333 1107       1218  0051 1312  0057 1318  0201 1427  0235 1504
23  2010 0745  2139 0909  2031 0801  2209 0941  2239 1013  2356 1129       1157  0042 1303  0134 1355  0142 1404  0255 1522  0334 1602
24  2101 0834  2238 1007  2128 0858  2301 1034  2329 1103       1220  0022 1246  0126 1347  0217 1438  0229 1452  0351 1619  0433 1700
25  2154 0926  2337 1106  2225 0955  2353 1126       1152  0046 1310  0111 1333  0210 1431  0301 1523  0318 1543  0448 1716  0530 1756
26  2252 1022       1206  2321 1052       1217  0019 1243  0136 1400  0158 1420  0253 1514  0346 1609  0410 1636  0546 1813  0624 1850
27  2352 1121  0036 1304       1147  0043 1307  0109 1333  0225 1449  0244 1505  0336 1556  0433 1657  0503 1730  0641 1908  0717 1942
28       1222  0133 1400  0015 1241  0134 1358  0200 1424  0314 1536  0328 1549  0419 1640  0522 1747  0559 1826  0736 2001  0809 2033
29  0054 1323             0109 1334  0225 1450  0251 1515  0401 1623  0411 1632  0502 1724  0614 1839  0654 1921  0829 2053  0900 2124
30  0155 1424             0201 1426  0317 1541  0341 1605  0446 1707  0454 1714  0548 1810  0707 1934  0750 2017  0920 2144  0951 2215
31  0255 1522             0253 1518             0431 1654             0536 1757  0635 1859             0845 2111             1042 2306

