           o  ,    o  ,                                 NEW YORK, NEW YORK                           Astronomical Applications Dept.
Location: W073 55, N40 44                         Rise and Set for the Moon for 2014                   U. S. Naval Observatory
                                                                                                       Washington, DC  20392-5420
                                                         Eastern Standard Time


       Jan.       Feb.       Mar.       Apr.       May        June       July       Aug.       Sept.      Oct.       Nov.       Dec.
Day Rise  Set  Rise  Set  Rise  Set  Rise  Set  Rise  Set  Rise  Set  Rise  Set  Rise  Set  Rise  Set  Rise  Set  Rise  Set  Rise  Set
     h m  h m   h m  h m   h m  h m   h m  h m   h m  h m   h m  h m   h m  h m   h m  h m   h m  h m   h m  h m   h m  h m   h m  h m
01  0707 1721  0753 1947  0622 1832  0640 2041  0639 2123  0756 2214  0835 2151  1016 2152  1208 2224  1252 2305  1346 0016  1334 0132
02  0758 1835  0829 2058  0658 1943  0720 2143  0728 2213  0852 2248  0932 2220  1115 2224  1307 2315  1342       1422 0125  1410 0240
03  0843 1948  0903 2206  0733 2051  0803 2241  0819 2258  0948 2319  1028 2249  1215 2300  1405       1427 0010  1458 0235  1448 0346
04  0923 2100  0938 2311  0809 2157  0848 2334  0912 2339  1044 2349  1126 2318  1317 2342  1459 0012  1509 0119  1534 0344  1529 0451
05  0958 2210  1013       0847 2259  0937       1007       1141       1225 2350  1419       1549 0117  1548 0229  1612 0453  1614 0554
06  1032 2317  1050 0014  0927 2358  1029 0021  1102 0015  1239 0018  1326       1520 0030  1634 0226  1625 0341  1652 0601  1703 0653
07  1105       1131 0113  1010       1122 0104  1158 0048  1338 0047  1428 0024  1618 0125  1716 0338  1702 0453  1736 0707  1755 0747
08  1138 0021  1214 0209  1056 0053  1217 0142  1255 0118  1439 0118  1532 0104  1712 0228  1755 0452  1740 0604  1823 0808  1849 0835
09  1213 0123  1301 0300  1145 0142  1313 0216  1353 0148  1543 0151  1636 0149  1801 0338  1833 0606  1819 0714  1914 0905  1945 0918
10  1250 0223  1351 0348  1237 0227  1410 0248  1453 0217  1648 0229  1738 0243  1845 0451  1910 0718  1902 0822  2007 0957  2042 0957
11  1331 0321  1444 0431  1331 0307  1508 0319  1554 0248  1753 0312  1835 0344  1925 0605  1948 0829  1947 0925  2102 1042  2138 1031
12  1415 0415  1538 0509  1427 0344  1607 0348  1657 0320  1856 0403  1927 0452  2003 0719  2028 0937  2035 1024  2158 1122  2234 1102
13  1504 0505  1634 0545  1523 0417  1707 0418  1802 0356  1956 0501  2012 0604  2039 0832  2110 1041  2126 1118  2254 1158  2330 1131
14  1555 0551  1731 0617  1621 0449  1810 0450  1907 0437  2049 0605  2053 0717  2115 0942  2155 1141  2219 1205  2350 1231       1200
15  1649 0632  1829 0647  1719 0519  1913 0523  2011 0523  2136 0715  2130 0830  2153 1049  2244 1236  2313 1248       1301  0027 1229
16  1744 0709  1927 0717  1819 0548  2017 0601  2111 0617  2218 0826  2206 0941  2232 1153  2335 1326       1325  0046 1330  0124 1300
17  1841 0743  2026 0746  1919 0618  2121 0643  2206 0717  2255 0937  2240 1050  2314 1254       1410  0009 1359  0142 1359  0223 1333
18  1938 0814  2127 0816  2021 0650  2222 0732  2255 0822  2330 1046  2316 1157       1351  0028 1450  0104 1431  0240 1429  0324 1409
19  2035 0844  2228 0847  2124 0724  2319 0826  2339 0930       1154  2353 1301  0000 1443  0122 1526  0200 1501  0339 1502  0426 1452
20  2133 0912  2330 0922  2226 0803       0926       1039  0004 1301       1403  0048 1530  0217 1559  0257 1530  0440 1537  0528 1540
21  2233 0941       1002  2328 0846  0010 1031  0017 1147  0038 1405  0032 1501  0140 1613  0313 1630  0354 1559  0542 1616  0629 1636
22  2333 1011  0033 1047       0935  0056 1138  0053 1255  0113 1508  0115 1556  0233 1651  0409 1659  0453 1630  0644 1702  0727 1738
23       1044  0135 1139  0027 1031  0138 1247  0127 1402  0151 1609  0201 1646  0328 1726  0506 1729  0553 1704  0745 1753  0819 1846
24  0036 1121  0234 1238  0122 1132  0215 1356  0201 1508  0231 1706  0251 1732  0423 1758  0604 1758  0653 1740  0843 1851  0906 1955
25  0140 1203  0329 1343  0212 1239  0251 1504  0235 1612  0316 1800  0343 1813  0519 1828  0702 1830  0755 1822  0937 1954  0948 2106
26  0245 1252  0419 1454  0257 1348  0325 1612  0311 1715  0404 1849  0438 1850  0616 1857  0801 1904  0855 1908  1025 2100  1027 2216
27  0348 1350  0504 1606  0338 1458  0359 1718  0350 1816  0455 1934  0533 1924  0713 1926  0902 1941  0954 2001  1109 2208  1103 2324
28  0448 1455  0544 1720  0416 1609  0435 1824  0433 1913  0548 2013  0629 1955  0810 1955  1002 2023  1049 2059  1148 2316  1138
29  0542 1606             0452 1719  0514 1927  0519 2006  0644 2049  0725 2024  0908 2027  1101 2111  1140 2202  1224       1213 0032
30  0631 1720             0527 1829  0555 2027  0609 2053  0739 2121  0821 2053  1007 2101  1158 2205  1226 2308  1259 0025  1249 0138
31  0714 1834             0603 1936             0702 2136             0918 2121  1107 2140             1307                  1328 0242

                                             Add one hour for daylight time, if and when in use.

<pre>             o  ,    o  ,                                 NEW YORK, NEW YORK                           Astronomical Applications Dept.
Location: W073 55, N40 44                         Rise and Set for the Moon for 2013                   U. S. Naval Observatory
                                                                                                       Washington, DC  20392-5420
                                                         Eastern Standard Time


       Jan.       Feb.       Mar.       Apr.       May        June       July       Aug.       Sept.      Oct.       Nov.       Dec.
Day Rise  Set  Rise  Set  Rise  Set  Rise  Set  Rise  Set  Rise  Set  Rise  Set  Rise  Set  Rise  Set  Rise  Set  Rise  Set  Rise  Set
     h m  h m   h m  h m   h m  h m   h m  h m   h m  h m   h m  h m   h m  h m   h m  h m   h m  h m   h m  h m   h m  h m   h m  h m
01  2109 0929  2320 0935  2219 0813       0922  0000 1030  0023 1245       1342  0027 1518  0142 1604  0224 1540  0415 1543  0515 1537
02  2212 0959       1010  2327 0852  0026 1024  0041 1137  0054 1348  0031 1441  0112 1606  0238 1639  0324 1611  0522 1620  0624 1630
03  2316 1028  0028 1051       0937  0117 1130  0117 1244  0124 1449  0107 1538  0202 1650  0337 1711  0425 1641  0630 1702  0729 1730
04       1058  0135 1138  0033 1028  0201 1237  0149 1349  0155 1549  0146 1632  0254 1729  0436 1741  0529 1713  0738 1751  0829 1837
05  0022 1132  0241 1232  0134 1126  0240 1345  0220 1452  0229 1647  0228 1723  0350 1805  0537 1811  0634 1748  0844 1846  0922 1947
06  0130 1209  0342 1334  0230 1230  0315 1451  0250 1554  0305 1743  0315 1809  0447 1838  0638 1841  0740 1826  0946 1947  1008 2058
07  0239 1253  0437 1441  0319 1337  0347 1556  0321 1655  0346 1836  0406 1851  0545 1909  0741 1913  0847 1909  1040 2054  1049 2208
08  0349 1345  0525 1552  0402 1446  0417 1700  0353 1755  0430 1926  0500 1929  0645 1939  0846 1948  0953 1959  1128 2202  1124 2316
09  0455 1445  0607 1703  0440 1555  0448 1802  0428 1853  0519 2011  0556 2004  0745 2008  0951 2027  1055 2055  1210 2310  1158
10  0556 1552  0644 1813  0514 1702  0519 1904  0506 1949  0611 2051  0653 2036  0846 2038  1056 2111  1153 2156  1248       1230 0022
11  0649 1704  0717 1921  0546 1808  0553 2004  0548 2041  0705 2128  0752 2105  0949 2110  1200 2202  1244 2302  1322 0018  1302 0126
12  0735 1817  0748 2027  0617 1913  0629 2102  0634 2129  0802 2201  0851 2134  1053 2146  1301 2259  1329       1354 0124  1335 0229
13  0814 1928  0819 2131  0648 2016  0708 2156  0724 2212  0859 2232  0951 2203  1158 2226  1357       1409 0010  1426 0229  1410 0330
14  0849 2037  0850 2232  0720 2117  0752 2247  0817 2251  0958 2301  1053 2234  1304 2312  1447 0003  1446 0118  1459 0333  1449 0429
15  0920 2142  0922 2332  0755 2216  0840 2333  0912 2326  1058 2330  1156 2307  1408       1531 0110  1520 0226  1533 0436  1532 0526
16  0950 2246  0957       0832 2313  0931       1009 2359  1159       1302 2344  1509 0006  1611 0220  1552 0333  1610 0537  1618 0619
17  1020 2347  1035 0029  0913       1025 0015  1108       1303 0000  1409       1604 0107  1647 0330  1625 0439  1651 0637  1708 0708
18  1050       1118 0124  0958 0005  1121 0053  1208 0029  1409 0032  1517 0028  1653 0215  1721 0440  1659 0544  1735 0733  1800 0752
19  1123 0047  1204 0215  1047 0054  1220 0127  1310 0059  1518 0108  1622 0119  1737 0326  1754 0548  1735 0647  1823 0825  1855 0832
20  1159 0144  1255 0302  1140 0139  1320 0159  1414 0129  1628 0149  1723 0218  1816 0439  1828 0655  1814 0749  1914 0912  1951 0908
21  1238 0240  1350 0345  1235 0219  1423 0230  1521 0201  1737 0238  1817 0325  1851 0551  1902 0800  1856 0847  2008 0954  2047 0940
22  1322 0333  1448 0424  1334 0256  1527 0301  1631 0235  1842 0335  1904 0437  1925 0701  1939 0903  1942 0942  2103 1032  2144 1011
23  1411 0423  1548 0500  1435 0330  1635 0332  1742 0315  1940 0440  1945 0551  1958 0809  2019 1003  2031 1032  2159 1107  2242 1040
24  1504 0508  1650 0533  1537 0402  1744 0406  1853 0401  2030 0550  2022 0704  2031 0915  2103 1100  2123 1117  2256 1138  2341 1108
25  1600 0550  1753 0604  1642 0433  1855 0443  2000 0455  2113 0704  2055 0815  2106 1018  2150 1152  2217 1157  2354 1208       1138
26  1659 0627  1858 0635  1748 0504  2007 0526  2101 0556  2151 0816  2128 0923  2144 1119  2240 1239  2313 1234       1238  0043 1209
27  1800 0701  2004 0705  1856 0536  2115 0615  2154 0704  2225 0926  2200 1028  2224 1216  2333 1322       1307  0054 1307  0146 1245
28  1902 0733  2111 0738  2006 0611  2218 0712  2239 0814  2256 1034  2233 1131  2308 1310       1401  0010 1339  0156 1339  0252 1325
29  2005 0803             2116 0650  2313 0814  2318 0925  2327 1139  2308 1232  2356 1400  0028 1437  0109 1409  0300 1413  0359 1412
30  2109 0833             2224 0734       0921  2352 1034  2358 1241  2345 1330       1446  0125 1509  0209 1439  0407 1452  0505 1508
31  2214 0903             2328 0825                  1141                  1426  0048 1527             0311 1510             0609 1611

                                             Add one hour for daylight time, if and when in use.

</pre>
<pre>             o  ,    o  ,                                 NEW YORK, NEW YORK                           Astronomical Applications Dept.
Location: W073 55, N40 44                         Rise and Set for the Moon for 2012                   U. S. Naval Observatory
                                                                                                       Washington, DC  20392-5420
                                                         Eastern Standard Time


       Jan.       Feb.       Mar.       Apr.       May        June       July       Aug.       Sept.      Oct.       Nov.       Dec.
Day Rise  Set  Rise  Set  Rise  Set  Rise  Set  Rise  Set  Rise  Set  Rise  Set  Rise  Set  Rise  Set  Rise  Set  Rise  Set  Rise  Set
     h m  h m   h m  h m   h m  h m   h m  h m   h m  h m   h m  h m   h m  h m   h m  h m   h m  h m   h m  h m   h m  h m   h m  h m
01  1127 0011  1138 0150  1104 0127  1247 0215  1351 0151  1619 0201  1731 0213  1838 0419  1842 0630  1812 0721  1846 0858  1917 0912
02  1155 0109  1223 0246  1157 0217  1353 0250  1501 0222  1733 0243  1831 0313  1913 0529  1910 0732  1845 0820  1934 0947  2015 0950
03  1227 0207  1314 0338  1256 0302  1502 0323  1614 0254  1845 0332  1922 0420  1944 0636  1940 0833  1922 0917  2027 1032  2114 1024
04  1302 0305  1411 0427  1359 0344  1613 0355  1730 0330  1950 0429  2006 0530  2013 0742  2011 0933  2004 1012  2123 1113  2215 1056
05  1344 0402  1513 0511  1506 0421  1727 0427  1846 0409  2046 0534  2043 0641  2041 0845  2046 1031  2050 1104  2222 1149  2317 1125
06  1432 0458  1620 0551  1616 0456  1842 0501  2000 0456  2133 0643  2115 0749  2110 0946  2125 1128  2141 1152  2323 1223       1155
07  1526 0549  1728 0627  1727 0528  1959 0538  2108 0549  2213 0754  2145 0855  2140 1047  2208 1221  2235 1236       1254  0021 1225
08  1626 0636  1838 0700  1840 0600  2113 0621  2208 0651  2246 0902  2213 0959  2212 1145  2256 1312  2334 1315  0026 1325  0127 1257
09  1730 0718  1949 0731  1954 0632  2223 0710  2258 0757  2316 1008  2240 1100  2248 1243  2350 1359       1351  0131 1355  0237 1334
10  1837 0755  2100 0802  2108 0707  2326 0806  2340 0905  2344 1111  2308 1200  2328 1338       1442  0035 1425  0238 1427  0348 1415
11  1945 0829  2212 0834  2222 0746       0908       1013       1212  2339 1259       1431  0047 1520  0138 1457  0349 1503  0501 1505
12  2053 0900  2324 0909  2332 0829  0019 1013  0015 1118  0011 1312       1357  0014 1521  0148 1556  0244 1528  0502 1543  0612 1603
13  2202 0929       0947       0919  0104 1118  0046 1221  0038 1410  0012 1454  0105 1606  0252 1629  0352 1600  0616 1630  0717 1709
14  2311 0959  0034 1031  0037 1015  0142 1223  0114 1322  0107 1508  0050 1548  0201 1648  0358 1701  0503 1634  0729 1725  0815 1820
15       1031  0142 1122  0134 1116  0215 1326  0141 1421  0138 1606  0133 1640  0301 1725  0506 1732  0616 1712  0837 1827  0903 1932
16  0022 1106  0244 1219  0223 1220  0244 1428  0207 1519  0213 1702  0221 1728  0404 1759  0615 1805  0730 1755  0937 1934  0944 2042
17  0133 1146  0338 1321  0305 1325  0311 1528  0235 1618  0252 1756  0314 1812  0509 1831  0726 1840  0843 1845  1028 2044  1019 2150
18  0243 1232  0425 1427  0341 1429  0337 1627  0304 1715  0337 1846  0412 1851  0615 1902  0838 1918  0952 1942  1111 2153  1051 2255
19  0350 1326  0505 1533  0412 1532  0404 1725  0337 1812  0427 1932  0514 1927  0723 1933  0950 2003  1054 2044  1148 2259  1121 2358
20  0451 1426  0539 1638  0440 1634  0432 1824  0413 1908  0522 2014  0617 1959  0832 2005  1100 2053  1148 2150  1220       1149
21  0544 1532  0610 1741  0507 1734  0502 1921  0454 2000  0621 2051  0722 2030  0941 2040  1204 2150  1234 2257  1249 0004  1218 0059
22  0629 1640  0638 1843  0533 1834  0535 2018  0541 2049  0723 2125  0827 2100  1052 2119  1302 2252  1312       1318 0106  1249 0158
23  0707 1747  0704 1944  0600 1933  0613 2113  0632 2134  0826 2156  0934 2130  1201 2204  1351 2358  1346 0003  1346 0207  1322 0256
24  0740 1853  0731 2044  0629 2031  0656 2204  0728 2213  0930 2226  1041 2202  1308 2256  1434       1417 0108  1415 0306  1359 0353
25  0809 1956  0758 2143  0700 2129  0744 2251  0828 2249  1035 2255  1150 2238  1410 2354  1511 0104  1446 0211  1447 0405  1440 0448
26  0836 2057  0827 2241  0735 2225  0837 2334  0929 2322  1141 2326  1300 2318  1506       1544 0210  1514 0312  1521 0503  1526 0540
27  0903 2157  0859 2338  0814 2319  0934       1032 2352  1250 2359  1410       1554 0058  1614 0315  1543 0413  1600 0559  1617 0628
28  0929 2256  0935       0859       1035 0013  1137       1401       1517 0005  1635 0205  1643 0418  1613 0512  1643 0653  1711 0712
29  0956 2355  1017 0034  0949 0009  1138 0048  1244 0022  1513 0037  1618 0100  1711 0313  1711 0520  1645 0611  1730 0744  1808 0751
30  1026                  1044 0055  1243 0120  1353 0052  1624 0121  1712 0202  1743 0420  1741 0621  1721 0709  1822 0830  1908 0827
31  1100 0053             1144 0137             1505 0125             1759 0310  1813 0526             1801 0805             2008 0859

                                             Add one hour for daylight time, if and when in use.

</pre>
<pre>             o  ,    o  ,                                 NEW YORK, NEW YORK                           Astronomical Applications Dept.
Location: W073 55, N40 44                         Rise and Set for the Moon for 2011                   U. S. Naval Observatory
                                                                                                       Washington, DC  20392-5420
                                                         Eastern Standard Time


       Jan.       Feb.       Mar.       Apr.       May        June       July       Aug.       Sept.      Oct.       Nov.       Dec.
Day Rise  Set  Rise  Set  Rise  Set  Rise  Set  Rise  Set  Rise  Set  Rise  Set  Rise  Set  Rise  Set  Rise  Set  Rise  Set  Rise  Set
     h m  h m   h m  h m   h m  h m   h m  h m   h m  h m   h m  h m   h m  h m   h m  h m   h m  h m   h m  h m   h m  h m   h m  h m
01  0451 1413  0603 1605  0438 1459  0426 1650  0343 1739  0404 1926  0442 1946  0705 2003  0942 2015  1058 2032  1210 2232  1142 2326
02  0551 1508  0635 1707  0507 1600  0449 1748  0412 1839  0454 2020  0549 2025  0818 2033  1056 2057  1159 2131  1244 2335  1208
03  0643 1609  0704 1808  0533 1700  0513 1847  0445 1939  0551 2107  0658 2100  0931 2105  1206 2145  1251 2234  1314       1233 0025
04  0727 1712  0729 1907  0557 1758  0540 1946  0523 2037  0654 2149  0809 2131  1044 2138  1310 2239  1335 2338  1340 0036  1259 0124
05  0803 1816  0753 2006  0621 1856  0609 2046  0608 2133  0801 2225  0920 2201  1156 2215  1407 2338  1412       1405 0136  1325 0222
06  0834 1918  0816 2104  0644 1955  0643 2145  0700 2223  0909 2258  1031 2230  1307 2258  1455       1443 0041  1430 0234  1355 0320
07  0901 2019  0839 2203  0709 2053  0723 2243  0758 2308  1019 2328  1142 2301  1415 2347  1536 0041  1511 0143  1456 0332  1428 0418
08  0926 2118  0904 2302  0736 2153  0810 2337  0901 2348  1129 2357  1254 2335  1516       1610 0144  1537 0243  1523 0430  1506 0516
09  0949 2216  0932       0806 2253  0903       1008       1239       1405       1610 0043  1640 0247  1601 0342  1554 0528  1550 0613
10  1012 2314  1004 0002  0842 2352  1003 0026  1117 0023  1351 0027  1516 0014  1656 0143  1707 0349  1626 0440  1628 0627  1640 0707
11  1036       1043 0103  0923       1109 0110  1228 0055  1504 0059  1622 0059  1735 0247  1733 0449  1652 0538  1708 0724  1737 0756
12  1102 0013  1128 0203  1013 0049  1218 0148  1339 0125  1617 0134  1723 0151  1808 0352  1757 0548  1721 0637  1754 0819  1837 0840
13  1132 0114  1222 0300  1110 0143  1330 0223  1452 0155  1729 0216  1815 0250  1837 0455  1822 0647  1752 0735  1846 0911  1941 0919
14  1207 0216  1325 0354  1214 0231  1443 0255  1607 0226  1835 0305  1859 0353  1904 0557  1849 0745  1828 0833  1943 0958  2047 0954
15  1249 0318  1435 0441  1324 0314  1558 0326  1722 0300  1933 0401  1936 0459  1929 0658  1917 0844  1909 0930  2044 1040  2154 1026
16  1340 0419  1550 0523  1438 0352  1715 0357  1837 0339  2023 0504  2008 0604  1953 0757  1950 0942  1957 1024  2148 1118  2301 1056
17  1441 0516  1706 0600  1553 0427  1832 0430  1948 0425  2104 0609  2036 0708  2018 0856  2027 1040  2050 1114  2255 1152       1125
18  1549 0608  1823 0633  1709 0459  1949 0507  2052 0519  2138 0715  2101 0809  2045 0954  2111 1136  2149 1200       1223  0010 1155
19  1703 0653  1940 0704  1827 0530  2103 0550  2146 0619  2208 0820  2125 0909  2115 1053  2201 1230  2252 1241  0002 1253  0120 1228
20  1818 0731  2056 0735  1945 0603  2210 0640  2231 0723  2234 0922  2150 1008  2149 1151  2257 1320  2359 1318  0112 1323  0233 1305
21  1933 0806  2211 0808  2102 0638  2308 0736  2308 0828  2259 1022  2215 1106  2229 1250       1405       1351  0223 1355  0346 1349
22  2048 0837  2325 0843  2216 0717  2357 0837  2340 0933  2323 1121  2243 1205  2316 1346  0000 1445  0108 1423  0337 1431  0457 1439
23  2202 0906       0923  2325 0802       0940       1035  2347 1220  2315 1304       1440  0107 1522  0219 1454  0453 1512  0604 1538
24  2315 0936  0035 1008       0852  0037 1044  0007 1136       1318  2352 1404  0010 1529  0217 1555  0332 1526  0608 1601  0703 1643
25       1008  0139 1059  0027 0949  0111 1146  0032 1234  0014 1417       1502  0112 1613  0330 1628  0448 1601  0720 1657  0754 1752
26  0027 1043  0235 1156  0119 1049  0140 1246  0056 1332  0043 1517  0035 1559  0218 1652  0444 1700  0605 1640  0824 1800  0836 1900
27  0137 1123  0323 1256  0203 1151  0205 1345  0120 1431  0117 1617  0127 1652  0329 1728  0600 1733  0722 1726  0919 1907  0911 2007
28  0244 1210  0403 1358  0239 1253  0229 1443  0145 1529  0157 1716  0225 1739  0442 1801  0717 1810  0836 1818  1004 2015  0942 2111
29  0345 1302             0310 1354  0253 1541  0213 1629  0245 1811  0331 1821  0557 1832  0834 1851  0944 1917  1042 2121  1009 2212
30  0438 1400             0337 1454  0317 1640  0244 1729  0340 1902  0440 1858  0711 1904  0949 1938  1042 2021  1114 2225  1035 2312
31  0524 1502             0402 1552             0321 1829             0552 1932  0827 1938             1130 2127             1101

                                             Add one hour for daylight time, if and when in use.

</pre>
<pre>             o  ,    o  ,                                 NEW YORK, NEW YORK                           Astronomical Applications Dept.
Location: W073 55, N40 44                         Rise and Set for the Moon for 2010                   U. S. Naval Observatory
                                                                                                       Washington, DC  20392-5420
                                                         Eastern Standard Time


       Jan.       Feb.       Mar.       Apr.       May        June       July       Aug.       Sept.      Oct.       Nov.       Dec.
Day Rise  Set  Rise  Set  Rise  Set  Rise  Set  Rise  Set  Rise  Set  Rise  Set  Rise  Set  Rise  Set  Rise  Set  Rise  Set  Rise  Set
     h m  h m   h m  h m   h m  h m   h m  h m   h m  h m   h m  h m   h m  h m   h m  h m   h m  h m   h m  h m   h m  h m   h m  h m
01  1756 0803  2038 0813  1925 0638  2152 0641  2236 0651  2300 0838  2214 0926  2154 1114  2231 1314  2333 1344  0058 1400  0222 1330
02  1915 0844  2152 0841  2040 0707  2258 0722  2322 0748  2325 0938  2236 1025  2224 1217  2330 1412       1424  0210 1429  0335 1404
03  2033 0917  2304 0909  2154 0737  2356 0809       0848  2349 1038  2259 1124  2301 1321       1504  0045 1459  0324 1459  0447 1443
04  2147 0947       0939  2305 0809       0903  0000 0949       1137  2324 1224  2347 1425  0037 1550  0200 1531  0439 1532  0558 1529
05  2259 1014  0014 1012       0847  0046 1000  0032 1050  0011 1236  2353 1326       1527  0151 1629  0316 1602  0554 1609  0704 1622
06       1040  0121 1050  0012 0929  0128 1101  0059 1150  0033 1336       1431  0042 1625  0308 1704  0432 1632  0708 1652  0801 1721
07  0009 1108  0225 1134  0113 1018  0203 1201  0124 1250  0057 1438  0027 1537  0147 1716  0425 1735  0548 1703  0818 1742  0851 1824
08  0117 1137  0322 1223  0207 1112  0232 1301  0146 1349  0124 1543  0108 1643  0300 1759  0543 1806  0705 1738  0921 1838  0931 1928
09  0225 1211  0412 1318  0253 1210  0258 1401  0209 1449  0155 1649  0200 1745  0418 1836  0700 1836  0821 1818  1014 1938  1005 2031
10  0330 1250  0454 1417  0331 1310  0322 1501  0232 1550  0233 1757  0301 1840  0537 1909  0817 1909  0933 1904  1059 2041  1034 2132
11  0431 1336  0530 1518  0403 1411  0344 1600  0257 1654  0320 1901  0412 1927  0655 1939  0932 1945  1039 1955  1136 2144  1059 2231
12  0526 1427  0601 1618  0431 1511  0407 1701  0326 1800  0416 2000  0528 2007  0811 2008  1045 2026  1136 2053  1207 2245  1123 2330
13  0614 1524  0627 1718  0455 1610  0430 1803  0400 1907  0522 2051  0646 2041  0926 2039  1153 2113  1224 2153  1234 2345  1146
14  0654 1624  0651 1818  0518 1710  0456 1908  0441 2014  0635 2134  0802 2111  1040 2111  1253 2205  1305 2255  1258       1209 0028
15  0728 1725  0713 1917  0540 1810  0526 2014  0531 2115  0750 2210  0917 2140  1152 2148  1345 2303  1338 2356  1321 0043  1234 0127
16  0757 1826  0735 2017  0603 1911  0602 2120  0630 2210  0905 2241  1031 2208  1300 2229  1429       1407       1344 0141  1302 0227
17  0823 1926  0757 2118  0627 2013  0645 2224  0738 2256  1019 2309  1143 2237  1404 2317  1506 0003  1432 0056  1408 0240  1335 0329
18  0845 2025  0821 2221  0653 2118  0737 2323  0849 2335  1130 2336  1253 2310  1501       1537 0104  1456 0155  1434 0340  1414 0433
19  0907 2124  0849 2326  0724 2223  0838       1003       1241       1403 2347  1549 0011  1604 0204  1518 0253  1504 0442  1501 0536
20  0929 2224  0921       0801 2329  0946 0014  1116 0008  1352 0004  1509       1630 0109  1629 0304  1542 0352  1540 0545  1557 0636
21  0952 2326  1001 0032  0847       1058 0057  1228 0038  1502 0034  1610 0030  1705 0209  1652 0403  1606 0451  1622 0649  1702 0731
22  1017       1049 0137  0941 0031  1211 0134  1339 0105  1611 0108  1704 0120  1734 0310  1714 0501  1633 0552  1712 0751  1812 0819
23  1046 0030  1149 0239  1044 0127  1325 0206  1450 0133  1716 0147  1751 0215  1800 0411  1738 0600  1705 0654  1811 0848  1925 0859
24  1122 0137  1257 0335  1155 0216  1438 0235  1601 0201  1816 0233  1830 0315  1824 0510  1803 0659  1742 0757  1916 0939  2038 0935
25  1206 0245  1413 0423  1309 0258  1551 0303  1712 0233  1908 0325  1903 0416  1847 0609  1830 0800  1826 0900  2026 1022  2150 1006
26  1301 0352  1532 0504  1425 0334  1704 0331  1822 0309  1953 0423  1931 0518  1909 0708  1903 0902  1918 0959  2137 1100  2302 1035
27  1408 0454  1651 0538  1541 0406  1817 0401  1927 0351  2030 0524  1956 0618  1932 0806  1941 1005  2018 1053  2248 1133       1103
28  1523 0549  1809 0609  1657 0435  1930 0435  2025 0439  2101 0626  2019 0717  1958 0906  2027 1106  2124 1141  2359 1203  0013 1133
29  1644 0634             1812 0503  2039 0514  2114 0535  2128 0727  2041 0816  2026 1007  2122 1204  2234 1223       1231  0124 1205
30  1804 0712             1927 0533  2141 0559  2156 0634  2152 0827  2103 0915  2100 1110  2224 1257  2345 1258  0110 1300  0235 1241
31  1922 0744             2041 0605             2230 0736             2127 1014  2141 1213                  1330             0345 1323

                                             Add one hour for daylight time, if and when in use.

</pre>
<pre>             o  ,    o  ,                                 NEW YORK, NEW YORK                           Astronomical Applications Dept.
Location: W073 55, N40 44                         Rise and Set for the Moon for 2009                   U. S. Naval Observatory
                                                                                                       Washington, DC  20392-5420
                                                         Eastern Standard Time


       Jan.       Feb.       Mar.       Apr.       May        June       July       Aug.       Sept.      Oct.       Nov.       Dec.
Day Rise  Set  Rise  Set  Rise  Set  Rise  Set  Rise  Set  Rise  Set  Rise  Set  Rise  Set  Rise  Set  Rise  Set  Rise  Set  Rise  Set
     h m  h m   h m  h m   h m  h m   h m  h m   h m  h m   h m  h m   h m  h m   h m  h m   h m  h m   h m  h m   h m  h m   h m  h m
01  1006 2150  0944       0818 2311  0929 0030  1059 0050  1331 0044  1442 0004  1632 0035  1658 0217  1613 0311  1552 0511  1544 0622
02  1028 2253  1015 0008  0853       1039 0126  1212 0123  1437 0108  1546 0034  1717 0127  1724 0319  1635 0413  1626 0621  1641 0732
03  1050 2359  1053 0121  0937 0023  1153 0212  1322 0150  1543 0133  1648 0109  1755 0224  1747 0420  1658 0516  1706 0733  1749 0835
04  1114       1140 0234  1031 0133  1307 0249  1431 0215  1649 0201  1744 0151  1827 0325  1809 0522  1724 0621  1757 0843  1904 0928
05  1142 0108  1240 0343  1136 0236  1420 0320  1538 0239  1753 0232  1834 0239  1855 0426  1831 0624  1753 0728  1857 0949  2021 1012
06  1216 0221  1350 0445  1248 0329  1532 0347  1645 0304  1854 0310  1917 0333  1919 0528  1854 0727  1828 0837  2005 1046  2136 1048
07  1259 0337  1508 0536  1405 0413  1641 0412  1752 0329  1949 0353  1954 0431  1942 0629  1920 0832  1910 0948  2119 1134  2249 1118
08  1354 0453  1628 0618  1521 0449  1750 0436  1858 0359  2037 0444  2024 0532  2003 0730  1950 0939  2003 1055  2233 1214       1145
09  1501 0602  1746 0652  1636 0519  1858 0501  2002 0432  2118 0539  2051 0634  2025 0831  2027 1048  2104 1157  2346 1246  0000 1211
10  1619 0701  1901 0720  1749 0545  2006 0528  2102 0512  2152 0639  2114 0735  2049 0934  2111 1157  2214 1251       1315  0109 1237
11  1740 0748  2012 0746  1859 0610  2112 0559  2155 0558  2221 0740  2136 0836  2115 1039  2206 1303  2327 1336  0058 1341  0217 1304
12  1859 0825  2122 0810  2008 0634  2215 0634  2241 0650  2246 0841  2157 0936  2147 1147  2311 1403       1413  0208 1407  0325 1335
13  2014 0856  2230 0834  2117 0700  2312 0716  2319 0748  2309 0942  2220 1038  2226 1257       1454  0042 1444  0317 1433  0432 1410
14  2126 0922  2336 0901  2224 0729       0805  2351 0848  2331 1043  2244 1142  2315 1407  0024 1537  0156 1512  0426 1502  0537 1452
15  2234 0946       0930  2328 0801  0003 0859       0949  2353 1145  2313 1249       1513  0140 1613  0308 1538  0535 1534  0637 1540
16  2341 1009  0041 1004       0839  0045 0958  0019 1051       1249  2348 1359  0015 1612  0257 1644  0420 1605  0643 1612  0730 1634
17       1034  0143 1043  0029 0923  0121 1059  0044 1153  0017 1356       1512  0126 1702  0413 1712  0531 1632  0748 1657  0816 1732
18  0046 1100  0240 1130  0123 1013  0152 1201  0107 1255  0044 1506  0032 1623  0244 1743  0528 1738  0642 1703  0846 1747  0854 1833
19  0150 1130  0331 1222  0210 1109  0219 1304  0129 1359  0116 1620  0128 1729  0404 1817  0641 1805  0752 1738  0937 1844  0927 1934
20  0253 1206  0416 1321  0250 1210  0243 1407  0152 1506  0156 1735  0235 1826  0523 1846  0753 1834  0859 1818  1020 1943  0954 2034
21  0353 1247  0453 1422  0324 1312  0305 1511  0217 1616  0246 1846  0352 1912  0639 1913  0904 1906  1002 1905  1056 2044  1018 2134
22  0448 1336  0525 1525  0353 1415  0328 1618  0247 1730  0350 1948  0513 1949  0753 1939  1012 1942  1057 1958  1126 2145  1041 2233
23  0536 1431  0552 1629  0418 1519  0353 1727  0323 1846  0503 2039  0633 2020  0905 2006  1117 2025  1145 2055  1152 2245  1102 2333
24  0618 1531  0616 1733  0442 1623  0420 1840  0408 2000  0623 2120  0750 2048  1015 2036  1216 2114  1224 2155  1216 2345  1125
25  0653 1633  0639 1837  0504 1729  0452 1955  0505 2107  0742 2153  0904 2114  1124 2108  1307 2208  1258 2256  1238       1149 0035
26  0723 1737  0701 1943  0527 1836  0531 2109  0613 2203  0859 2222  1015 2139  1230 2147  1351 2306  1326 2357  1300 0045  1216 0139
27  0749 1840  0724 2050  0552 1946  0621 2219  0728 2248  1011 2247  1124 2206  1331 2231  1428       1351       1324 0147  1249 0247
28  0812 1943  0749 2159  0621 2059  0721 2320  0846 2324  1121 2312  1232 2236  1426 2321  1459 0007  1414 0057  1350 0251  1330 0357
29  0834 2047             0654 2213  0830       1001 2354  1229 2337  1338 2310  1514       1526 0108  1437 0158  1420 0359  1421 0507
30  0855 2151             0736 2324  0944 0010  1114       1336       1441 2349  1555 0017  1550 0209  1500 0300  1458 0510  1524 0614
31  0918 2258             0827                  1223 0020             1539       1629 0116             1524 0404             1637 0714

                                             Add one hour for daylight time, if and when in use.

</pre>
<pre>             o  ,    o  ,                                 NEW YORK, NEW YORK                           Astronomical Applications Dept.
Location: W073 55, N40 44                         Rise and Set for the Moon for 2008                   U. S. Naval Observatory
                                                                                                       Washington, DC  20392-5420
                                                         Eastern Standard Time


       Jan.       Feb.       Mar.       Apr.       May        June       July       Aug.       Sept.      Oct.       Nov.       Dec.
Day Rise  Set  Rise  Set  Rise  Set  Rise  Set  Rise  Set  Rise  Set  Rise  Set  Rise  Set  Rise  Set  Rise  Set  Rise  Set  Rise  Set
     h m  h m   h m  h m   h m  h m   h m  h m   h m  h m   h m  h m   h m  h m   h m  h m   h m  h m   h m  h m   h m  h m   h m  h m
01  0105 1152  0301 1153  0243 1122  0317 1324  0233 1433  0218 1712  0224 1836  0455 1928  0719 1906  0820 1822  1012 1859  1017 1946
02  0207 1216  0400 1240  0332 1221  0345 1434  0257 1545  0256 1834  0330 1936  0611 1955  0825 1929  0925 1854  1101 1954  1049 2049
03  0309 1244  0453 1335  0414 1326  0410 1545  0322 1701  0344 1951  0445 2023  0723 2019  0931 1954  1027 1931  1142 2053  1115 2152
04  0411 1318  0540 1438  0449 1435  0434 1657  0350 1821  0445 2057  0604 2101  0831 2042  1035 2022  1126 2015  1218 2155  1139 2255
05  0512 1400  0619 1545  0519 1545  0458 1812  0425 1943  0556 2150  0721 2130  0938 2104  1139 2055  1220 2106  1248 2259  1202 2359
06  0610 1450  0652 1655  0546 1657  0525 1931  0508 2103  0713 2232  0834 2155  1042 2127  1240 2135  1306 2203  1314       1224
07  0701 1548  0720 1806  0610 1809  0555 2051  0602 2215  0830 2304  0943 2218  1147 2153  1338 2222  1346 2304  1338 0003  1248 0105
08  0744 1653  0745 1916  0634 1922  0633 2211  0707 2314  0943 2331  1049 2240  1250 2223  1429 2316  1420       1401 0109  1314 0214
09  0820 1801  0808 2027  0658 2037  0719 2326  0820       1052 2354  1153 2302  1353 2258  1513       1448 0009  1424 0216  1346 0328
10  0851 1910  0831 2139  0726 2154  0816       0935 0000  1158       1256 2325  1452 2340  1550 0015  1514 0114  1449 0326  1425 0446
11  0917 2019  0856 2252  0758 2312  0922 0030  1048 0035  1301 0015  1359 2352  1547       1622 0120  1538 0221  1519 0440  1515 0605
12  0941 2127  0923       0837       1034 0122  1157 0104  1403 0036  1502       1636 0030  1649 0226  1601 0329  1555 0557  1618 0720
13  1003 2237  0956 0008  0925 0028  1147 0202  1303 0128  1506 0058  1603 0023  1717 0127  1714 0333  1626 0439  1639 0717  1732 0824
14  1026 2348  1037 0124  1024 0137  1257 0234  1406 0150  1608 0123  1701 0101  1752 0230  1737 0441  1653 0551  1736 0835  1851 0917
15  1051       1128 0237  1131 0236  1405 0301  1509 0211  1710 0151  1754 0146  1822 0335  1800 0549  1724 0707  1843 0944  2010 0958
16  1120 0101  1230 0344  1243 0323  1510 0324  1610 0232  1811 0224  1840 0239  1848 0442  1825 0700  1803 0826  1958 1041  2125 1030
17  1156 0218  1340 0439  1355 0401  1613 0345  1713 0254  1907 0304  1919 0338  1911 0549  1853 0813  1851 0944  2114 1126  2236 1057
18  1241 0335  1454 0524  1505 0431  1715 0405  1815 0319  1958 0352  1951 0442  1934 0656  1926 0928  1951 1056  2229 1202  2343 1121
19  1337 0449  1608 0600  1613 0456  1818 0426  1917 0349  2041 0446  2019 0548  1957 0804  2007 1044  2059 1158  2339 1230       1144
20  1445 0553  1719 0628  1718 0518  1921 0450  2017 0424  2118 0547  2044 0654  2022 0914  2057 1159  2212 1248       1255  0048 1207
21  1559 0646  1827 0653  1822 0539  2024 0516  2112 0506  2149 0651  2106 0800  2050 1026  2158 1306  2326 1328  0047 1318  0152 1231
22  1715 0728  1932 0715  1925 0600  2125 0547  2200 0556  2215 0756  2129 0906  2125 1140  2307 1403       1400  0152 1340  0256 1258
23  1829 0801  2036 0735  2028 0622  2224 0624  2242 0652  2239 0901  2152 1013  2207 1255       1450  0038 1427  0256 1403  0359 1330
24  1939 0828  2139 0756  2132 0646  2317 0708  2316 0754  2301 1007  2217 1123  2301 1407  0021 1527  0147 1451  0359 1428  0501 1407
25  2045 0851  2242 0819  2234 0714       0800  2345 0858  2323 1113  2247 1235       1512  0135 1557  0253 1513  0503 1456  0559 1451
26  2149 0912  2345 0844  2336 0746  0003 0859       1003  2347 1222  2324 1350  0005 1607  0247 1623  0358 1535  0606 1529  0652 1542
27  2252 0933       0913       0826  0043 1002  0011 1109       1333       1506  0118 1651  0356 1646  0503 1558  0708 1608  0739 1639
28  2354 0954  0047 0948  0033 0913  0116 1108  0035 1216  0015 1449  0011 1618  0234 1726  0503 1709  0607 1624  0805 1654  0818 1739
29       1017  0147 1031  0124 1008  0144 1215  0057 1325  0048 1607  0110 1722  0349 1755  0609 1731  0712 1654  0856 1747  0851 1842
30  0056 1044             0208 1109  0209 1323  0121 1437  0130 1725  0220 1814  0502 1820  0715 1755  0815 1729  0940 1845  0919 1944
31  0159 1115             0245 1215             0147 1553             0337 1855  0612 1843             0916 1811             0944 2047

                                             Add one hour for daylight time, if and when in use.

</pre>
<pre>             o  ,    o  ,                                 NEW YORK, NEW YORK                           Astronomical Applications Dept.
Location: W073 55, N40 44                         Rise and Set for the Moon for 2007                   U. S. Naval Observatory
                                                                                                       Washington, DC  20392-5420
                                                         Eastern Standard Time


       Jan.       Feb.       Mar.       Apr.       May        June       July       Aug.       Sept.      Oct.       Nov.       Dec.
Day Rise  Set  Rise  Set  Rise  Set  Rise  Set  Rise  Set  Rise  Set  Rise  Set  Rise  Set  Rise  Set  Rise  Set  Rise  Set  Rise  Set
     h m  h m   h m  h m   h m  h m   h m  h m   h m  h m   h m  h m   h m  h m   h m  h m   h m  h m   h m  h m   h m  h m   h m  h m
01  1433 0544  1640 0702  1536 0534  1736 0506  1831 0411  2033 0421  2050 0506  2044 0741  2033 1026  2045 1159  2307 1310       1227
02  1531 0650  1747 0731  1641 0600  1836 0525  1935 0436  2127 0511  2124 0617  2108 0854  2110 1144  2148 1303       1338  0012 1247
03  1638 0745  1851 0756  1743 0622  1937 0545  2039 0504  2212 0611  2152 0729  2132 1007  2156 1300  2257 1355  0014 1402  0114 1307
04  1747 0828  1953 0817  1844 0641  2040 0606  2141 0539  2250 0717  2217 0841  2159 1122  2251 1409       1436  0119 1423  0214 1327
05  1856 0903  2054 0836  1944 0700  2143 0631  2239 0623  2321 0827  2240 0953  2231 1238  2356 1509  0007 1508  0220 1442  0315 1349
06  2002 0930  2154 0855  2044 0719  2247 0702  2330 0716  2348 0938  2303 1104  2310 1355       1557  0116 1534  0321 1502  0416 1414
07  2105 0953  2254 0914  2146 0739  2348 0739       0817       1050  2328 1217  2359 1509  0105 1634  0222 1557  0421 1522  0519 1444
08  2206 1014  2356 0935  2248 0801       0825  0013 0924  0012 1201  2356 1331       1616  0215 1705  0325 1617  0522 1545  0621 1521
09  2306 1032       0959  2352 0828  0044 0921  0049 1035  0035 1313       1448  0058 1712  0324 1730  0427 1636  0625 1611  0721 1605
10       1051  0100 1027       0900  0133 1025  0119 1148  0059 1428  0030 1606  0205 1757  0430 1751  0528 1656  0727 1643  0816 1658
11  0006 1111  0205 1103  0056 0941  0214 1136  0145 1300  0126 1545  0113 1719  0316 1833  0533 1811  0629 1717  0829 1721  0905 1758
12  0107 1133  0310 1149  0157 1031  0249 1249  0209 1414  0156 1705  0206 1825  0427 1902  0635 1831  0730 1741  0928 1808  0945 1903
13  0210 1159  0410 1245  0252 1132  0318 1405  0233 1530  0235 1824  0310 1918  0536 1926  0736 1851  0833 1808  1021 1902  1019 2010
14  0316 1231  0503 1352  0339 1241  0344 1521  0258 1648  0323 1937  0421 2000  0642 1947  0838 1912  0935 1842  1106 2004  1048 2118
15  0422 1312  0548 1507  0419 1356  0409 1638  0327 1810  0422 2038  0534 2034  0745 2006  0940 1937  1037 1922  1145 2110  1113 2226
16  0526 1403  0625 1625  0452 1514  0434 1757  0402 1932  0530 2127  0645 2100  0847 2026  1043 2006  1134 2011  1217 2218  1136 2335
17  0625 1506  0655 1744  0520 1632  0501 1919  0445 2049  0642 2205  0752 2123  0948 2046  1145 2042  1225 2108  1245 2327  1158
18  0715 1618  0722 1901  0546 1750  0533 2041  0539 2157  0754 2235  0856 2143  1049 2109  1246 2125  1309 2212  1309       1222 0046
19  0755 1734  0747 2018  0611 1909  0611 2201  0642 2253  0903 2259  0958 2203  1152 2135  1342 2218  1346 2321  1333 0037  1249 0159
20  0829 1851  0811 2135  0636 2029  0658 2314  0752 2335  1008 2321  1059 2222  1255 2207  1431 2320  1417       1357 0149  1321 0316
21  0857 2008  0837 2253  0705 2149  0756       0903       1110 2340  1200 2243  1358 2246  1513       1444 0032  1423 0303  1402 0436
22  0922 2122  0906       0739 2309  0901 0014  1012 0009  1211 2359  1302 2307  1458 2334  1549 0028  1509 0144  1453 0421  1453 0555
23  0945 2236  0941 0010  0819       1010 0102  1118 0035  1311       1405 2336  1552       1619 0141  1533 0258  1530 0543  1557 0708
24  1009 2350  1024 0125  0909 0024  1119 0139  1221 0057  1412 0019  1509       1640 0033  1646 0255  1559 0413  1616 0706  1710 0809
25  1035       1115 0235  1008 0129  1225 0208  1321 0117  1514 0041  1611 0011  1719 0139  1710 0410  1627 0532  1714 0824  1826 0857
26  1105 0105  1215 0335  1113 0222  1328 0233  1421 0136  1618 0107  1710 0054  1753 0251  1735 0526  1700 0654  1823 0931  1941 0934
27  1141 0221  1321 0424  1221 0305  1429 0253  1521 0155  1722 0138  1803 0148  1821 0406  1801 0644  1742 0817  1937 1025  2052 1004
28  1226 0334  1429 0503  1328 0338  1529 0313  1622 0216  1824 0216  1847 0251  1846 0521  1831 0803  1833 0937  2051 1106  2158 1028
29  1321 0441             1433 0405  1629 0331  1726 0239  1921 0304  1923 0400  1911 0636  1907 0924  1935 1049  2202 1139  2302 1050
30  1423 0538             1535 0428  1729 0350  1830 0306  2010 0401  1954 0514  1935 0751  1951 1045  2044 1148  2309 1205       1110
31  1531 0625             1636 0448             1933 0339             2020 0628  2002 0908             2156 1234             0004 1130

                                             Add one hour for daylight time, if and when in use.

</pre>
<pre>             o  ,    o  ,                                 NEW YORK, NEW YORK                           Astronomical Applications Dept.
Location: W073 55, N40 44                         Rise and Set for the Moon for 2006                   U. S. Naval Observatory
                                                                                                       Washington, DC  20392-5420
                                                         Eastern Standard Time


       Jan.       Feb.       Mar.       Apr.       May        June       July       Aug.       Sept.      Oct.       Nov.       Dec.
Day Rise  Set  Rise  Set  Rise  Set  Rise  Set  Rise  Set  Rise  Set  Rise  Set  Rise  Set  Rise  Set  Rise  Set  Rise  Set  Rise  Set
     h m  h m   h m  h m   h m  h m   h m  h m   h m  h m   h m  h m   h m  h m   h m  h m   h m  h m   h m  h m   h m  h m   h m  h m
01  0902 1826  0902 2117  0725 2006  0714 2245  0720 2339  0919 2358  1012 2302  1204 2226  1415 2251  1446 2357  1447 0128  1403 0257
02  0941 1947  0926 2231  0750 2123  0752 2355  0820       1022       1112 2321  1309 2253  1516 2352  1524       1512 0244  1432 0414
03  1011 2106  0950 2344  0816 2239  0839       0923 0025  1124 0020  1212 2340  1416 2327  1609       1555 0115  1537 0401  1508 0533
04  1037 2221  1016       0845 2353  0933 0057  1028 0102  1224 0040  1313       1525       1652 0103  1623 0234  1604 0519  1552 0650
05  1101 2333  1046 0056  0919       1033 0149  1132 0132  1324 0059  1418 0001  1631 0011  1728 0222  1648 0352  1637 0640  1646 0803
06  1124       1121 0207  0959 0104  1137 0230  1235 0156  1425 0118  1525 0026  1730 0106  1758 0343  1713 0511  1717 0800  1749 0905
07  1147 0044  1203 0315  1047 0209  1241 0303  1335 0217  1528 0138  1635 0056  1820 0214  1825 0503  1739 0630  1806 0917  1858 0955
08  1214 0155  1253 0416  1143 0306  1344 0330  1435 0236  1635 0200  1744 0135  1900 0331  1849 0623  1809 0751  1904 1024  2007 1034
09  1244 0305  1350 0509  1244 0352  1445 0353  1536 0255  1744 0227  1848 0225  1933 0452  1915 0742  1845 0911  2009 1120  2113 1105
10  1321 0415  1452 0552  1347 0430  1546 0413  1638 0314  1854 0301  1944 0327  2000 0613  1942 0900  1928 1029  2117 1204  2217 1130
11  1406 0521  1555 0628  1450 0501  1646 0432  1743 0335  2002 0345  2028 0440  2025 0732  2013 1019  2020 1140  2224 1238  2319 1151
12  1458 0620  1659 0656  1553 0526  1747 0450  1851 0359  2102 0439  2104 0559  2049 0849  2051 1136  2120 1240  2328 1306       1211
13  1558 0710  1801 0721  1654 0547  1850 0510  2001 0429  2152 0546  2134 0718  2114 1005  2136 1248  2225 1329       1328  0018 1229
14  1701 0752  1901 0742  1754 0607  1956 0531  2110 0505  2232 0700  2200 0836  2142 1121  2230 1353  2331 1408  0030 1348  0118 1248
15  1805 0825  2001 0801  1855 0626  2104 0557  2214 0552  2305 0817  2223 0952  2214 1236  2330 1448       1438  0130 1407  0219 1309
16  1908 0853  2101 0819  1956 0644  2213 0628  2310 0650  2332 0934  2247 1105  2253 1349       1531  0035 1503  0229 1426  0321 1333
17  2009 0916  2203 0838  2059 0704  2319 0707  2355 0758  2356 1049  2312 1219  2340 1458  0035 1606  0138 1524  0329 1445  0426 1401
18  2109 0936  2307 0859  2205 0727       0756       0912       1202  2340 1332       1559  0140 1635  0239 1544  0431 1507  0533 1437
19  2209 0955       0922  2312 0753  0020 0857  0032 1028  0019 1314       1446  0036 1649  0244 1658  0339 1602  0535 1532  0639 1523
20  2309 1014  0013 0951       0826  0113 1006  0102 1144  0042 1427  0014 1557  0138 1730  0346 1718  0439 1621  0641 1603  0742 1619
21       1033  0122 1027  0021 0908  0155 1122  0128 1258  0108 1541  0055 1704  0243 1803  0447 1737  0539 1640  0748 1642  0836 1725
22  0012 1055  0232 1113  0127 1001  0230 1239  0151 1411  0138 1655  0145 1802  0348 1830  0546 1756  0641 1703  0852 1730  0921 1838
23  0118 1121  0337 1213  0226 1105  0259 1356  0215 1525  0214 1807  0242 1850  0452 1852  0646 1814  0745 1730  0951 1829  0958 1953
24  0227 1153  0435 1324  0316 1219  0324 1512  0239 1640  0259 1912  0346 1929  0553 1912  0747 1835  0851 1802  1041 1936  1028 2107
25  0339 1235  0523 1444  0357 1338  0348 1628  0307 1756  0352 2008  0452 2000  0654 1931  0849 1858  0957 1843  1123 2048  1054 2220
26  0450 1329  0602 1607  0430 1458  0413 1744  0339 1911  0453 2054  0557 2026  0753 1949  0954 1926  1100 1934  1157 2202  1118 2333
27  0555 1437  0633 1729  0458 1618  0439 1902  0419 2022  0558 2130  0701 2047  0853 2008  1059 2001  1156 2035  1225 2316  1141
28  0650 1555  0701 1849  0524 1736  0509 2019  0507 2125  0704 2159  0802 2107  0954 2029  1205 2045  1243 2144  1250       1205 0045
29  0733 1718             0548 1854  0544 2133  0604 2217  0809 2222  0902 2125  1057 2054  1306 2139  1322 2258  1313 0029  1232 0159
30  0808 1840             0614 2012  0628 2241  0708 2258  0912 2243  1001 2144  1203 2124  1400 2244  1355       1337 0142  1304 0315
31  0837 2000             0641 2129             0813 2331             1102 2204  1309 2202             1422 0013             1344 0431

                                             Add one hour for daylight time, if and when in use.

</pre>
<pre>             o  ,    o  ,                                 NEW YORK, NEW YORK                           Astronomical Applications Dept.
Location: W073 55, N40 44                         Rise and Set for the Moon for 2005                   U. S. Naval Observatory
                                                                                                       Washington, DC  20392-5420
                                                         Eastern Standard Time


       Jan.       Feb.       Mar.       Apr.       May        June       July       Aug.       Sept.      Oct.       Nov.       Dec.
Day Rise  Set  Rise  Set  Rise  Set  Rise  Set  Rise  Set  Rise  Set  Rise  Set  Rise  Set  Rise  Set  Rise  Set  Rise  Set  Rise  Set
     h m  h m   h m  h m   h m  h m   h m  h m   h m  h m   h m  h m   h m  h m   h m  h m   h m  h m   h m  h m   h m  h m   h m  h m
01  2231 1056       1027  2349 0857  0115 0953  0142 1125  0133 1406  0047 1522  0112 1725  0259 1753  0356 1703  0558 1631  0715 1613
02  2334 1117  0046 1055       0928  0214 1103  0215 1241  0155 1514  0115 1629  0204 1811  0402 1816  0458 1722  0708 1659  0827 1707
03       1138  0200 1129  0103 1008  0302 1219  0242 1354  0218 1622  0148 1734  0302 1850  0504 1837  0600 1742  0820 1735  0932 1813
04  0040 1200  0315 1214  0215 1059  0340 1336  0305 1505  0243 1730  0228 1834  0404 1922  0605 1857  0705 1803  0933 1821  1025 1928
05  0149 1226  0428 1312  0322 1202  0411 1453  0328 1615  0313 1838  0315 1927  0507 1948  0707 1916  0811 1828  1041 1918  1108 2046
06  0303 1257  0534 1422  0418 1316  0438 1607  0350 1724  0348 1942  0410 2012  0609 2011  0809 1936  0921 1858  1141 2025  1142 2204
07  0420 1337  0628 1542  0504 1436  0501 1719  0414 1834  0431 2041  0509 2049  0711 2031  0913 1958  1033 1936  1229 2140  1210 2318
08  0538 1430  0711 1705  0541 1556  0524 1830  0441 1943  0521 2131  0612 2119  0812 2051  1020 2024  1143 2024  1308 2257  1234
09  0651 1536  0745 1825  0611 1714  0548 1941  0513 2050  0617 2213  0714 2144  0913 2110  1130 2056  1248 2124  1339       1257 0031
10  0753 1653  0813 1942  0637 1829  0613 2051  0551 2154  0718 2248  0816 2206  1015 2131  1241 2137  1344 2234  1406 0013  1319 0141
11  0841 1816  0838 2055  0700 1941  0642 2200  0636 2250  0821 2316  0918 2226  1120 2154  1351 2229  1430 2351  1429 0127  1344 0252
12  0919 1937  0901 2205  0723 2052  0716 2306  0729 2337  0923 2340  1019 2245  1229 2222  1455 2334  1506       1452 0240  1411 0403
13  0949 2053  0924 2314  0748 2202  0757       0827       1025       1121 2305  1341 2257  1549       1537 0109  1516 0352  1444 0514
14  1015 2206  0948       0814 2311  0845 0006  0929 0016  1127 0002  1225 2327  1454 2343  1632 0049  1603 0227  1541 0505  1524 0624
15  1038 2315  1016 0021  0845       0940 0058  1032 0048  1229 0022  1332 2353  1604       1707 0210  1626 0343  1611 0618  1611 0729
16  1100       1048 0127  0921 0018  1040 0142  1135 0115  1333 0042  1444       1706 0043  1737 0331  1650 0457  1647 0730  1707 0827
17  1123 0022  1126 0231  1005 0121  1142 0218  1238 0138  1440 0103  1559 0024  1758 0155  1802 0450  1715 0612  1730 0840  1808 0915
18  1148 0127  1212 0330  1055 0217  1246 0248  1340 0159  1552 0127  1714 0105  1838 0316  1826 0607  1743 0726  1821 0943  1912 0953
19  1216 0233  1304 0423  1152 0305  1349 0313  1445 0219  1707 0155  1824 0159  1911 0439  1850 0723  1815 0840  1919 1037  2016 1025
20  1250 0337  1403 0508  1253 0345  1453 0335  1551 0240  1825 0232  1922 0306  1939 0601  1916 0837  1854 0952  2022 1121  2118 1050
21  1330 0439  1505 0546  1356 0418  1557 0356  1702 0302  1939 0319  2008 0425  2003 0719  1946 0951  1940 1058  2125 1156  2219 1112
22  1418 0536  1609 0617  1500 0446  1703 0417  1816 0329  2043 0420  2045 0548  2027 0834  2020 1103  2034 1157  2228 1225  2319 1132
23  1512 0626  1712 0643  1604 0510  1812 0438  1934 0401  2135 0533  2114 0710  2051 0948  2101 1211  2133 1246  2330 1249       1151
24  1612 0709  1816 0706  1708 0532  1924 0502  2050 0442  2216 0654  2140 0828  2118 1100  2150 1313  2236 1325       1310  0020 1210
25  1715 0744  1919 0727  1813 0553  2039 0530  2159 0535  2248 0815  2203 0943  2148 1210  2245 1406  2339 1357  0031 1329  0122 1231
26  1818 0814  2023 0748  1919 0613  2155 0605  2257 0640  2314 0933  2226 1055  2224 1319  2346 1451       1424  0132 1349  0227 1255
27  1921 0839  2129 0808  2028 0635  2307 0650  2342 0755  2338 1047  2250 1205  2307 1423       1527  0042 1446  0235 1409  0337 1324
28  2024 0901  2238 0831  2140 0700       0746       0914       1157  2317 1314  2358 1521  0048 1556  0143 1507  0340 1431  0450 1402
29  2126 0922             2254 0730  0010 0854  0017 1031  0000 1306  2349 1422       1610  0151 1621  0245 1526  0448 1458  0604 1450
30  2230 0942                  0807  0101 1008  0046 1145  0023 1414       1528  0055 1651  0254 1643  0347 1546  0600 1531  0713 1552
31  2337 1003             0007 0854             0111 1257             0027 1630  0156 1725             0451 1607             0814 1706

                                             Add one hour for daylight time, if and when in use.

</pre>
<pre>             o  ,    o  ,                                 NEW YORK, NEW YORK                           Astronomical Applications Dept.
Location: W073 55, N40 44                         Rise and Set for the Moon for 2004                   U. S. Naval Observatory
                                                                                                       Washington, DC  20392-5420
                                                         Eastern Standard Time


       Jan.       Feb.       Mar.       Apr.       May        June       July       Aug.       Sept.      Oct.       Nov.       Dec.
Day Rise  Set  Rise  Set  Rise  Set  Rise  Set  Rise  Set  Rise  Set  Rise  Set  Rise  Set  Rise  Set  Rise  Set  Rise  Set  Rise  Set
     h m  h m   h m  h m   h m  h m   h m  h m   h m  h m   h m  h m   h m  h m   h m  h m   h m  h m   h m  h m   h m  h m   h m  h m
01  1247 0147  1248 0342  1214 0326  1411 0404  1517 0322  1754 0304  1920 0304  2019 0533  1958 0802  1911 0905  1943 1101  2028 1109
02  1311 0248  1333 0440  1311 0415  1520 0432  1629 0346  1915 0341  2023 0408  2048 0651  2020 0910  1942 1011  2037 1152  2131 1141
03  1339 0350  1426 0534  1415 0458  1630 0458  1745 0410  2034 0426  2113 0523  2112 0805  2045 1016  2018 1115  2137 1235  2234 1208
04  1412 0451  1526 0621  1522 0534  1741 0522  1903 0438  2143 0524  2152 0643  2135 0914  2113 1121  2101 1216  2240 1310  2338 1231
05  1453 0552  1631 0702  1631 0605  1855 0546  2025 0511  2239 0634  2223 0801  2157 1021  2145 1226  2152 1310  2344 1340       1253
06  1541 0649  1739 0736  1741 0632  2011 0612  2144 0551  2322 0750  2248 0915  2220 1127  2224 1328  2249 1358       1406  0042 1314
07  1636 0740  1847 0805  1851 0657  2129 0641  2257 0642  2355 0907  2311 1025  2245 1231  2310 1426  2351 1438  0049 1429  0149 1336
08  1738 0825  1956 0831  2002 0721  2248 0716  2358 0744       1021  2333 1131  2314 1335       1518       1512  0154 1451  0258 1401
09  1843 0903  2104 0854  2114 0745       0800       0854  0023 1131  2354 1235  2348 1438  0003 1602  0055 1540  0301 1513  0412 1430
10  1950 0934  2214 0918  2229 0812  0003 0853  0046 1009  0046 1237       1338       1538  0103 1640  0201 1605  0411 1537  0530 1506
11  2057 1002  2325 0942  2345 0842  0109 0956  0124 1122  0108 1341  0018 1441  0029 1633  0206 1712  0307 1628  0524 1604  0651 1553
12  2204 1027       1009       0919  0203 1107  0154 1233  0128 1444  0044 1544  0118 1723  0312 1739  0415 1650  0641 1636  0808 1653
13  2312 1050  0039 1041  0101 1004  0246 1219  0219 1340  0150 1546  0114 1646  0214 1805  0418 1803  0523 1713  0801 1717  0915 1805
14       1113  0154 1120  0211 1100  0321 1331  0241 1444  0214 1649  0151 1745  0315 1840  0525 1825  0634 1738  0920 1810  1009 1924
15  0022 1139  0309 1208  0313 1205  0349 1441  0302 1548  0241 1752  0234 1838  0420 1910  0632 1847  0749 1806  1031 1914  1051 2044
16  0134 1207  0418 1308  0404 1316  0413 1547  0323 1650  0313 1853  0325 1925  0525 1936  0740 1910  0906 1841  1130 2027  1123 2200
17  0250 1242  0518 1417  0444 1430  0435 1652  0345 1753  0352 1950  0423 2005  0631 1959  0851 1936  1023 1925  1216 2144  1150 2311
18  0408 1325  0606 1532  0517 1542  0456 1756  0410 1856  0437 2042  0525 2039  0736 2021  1004 2006  1137 2020  1252 2259  1213
19  0523 1420  0645 1647  0544 1652  0517 1859  0438 1959  0530 2127  0629 2107  0843 2043  1119 2043  1241 2126  1321       1235 0020
20  0632 1525  0716 1759  0608 1759  0541 2003  0512 2100  0629 2204  0734 2132  0950 2106  1234 2129  1334 2239  1346 0011  1256 0126
21  0729 1639  0743 1909  0630 1904  0607 2106  0553 2156  0732 2236  0839 2154  1100 2133  1344 2227  1416 2354  1408 0120  1319 0231
22  0814 1756  0806 2015  0652 2008  0637 2208  0641 2245  0836 2303  0943 2216  1213 2204  1445 2335  1449       1429 0227  1345 0335
23  0849 1911  0828 2120  0714 2112  0713 2308  0736 2328  0941 2327  1050 2238  1328 2244  1535       1517 0108  1451 0333  1415 0440
24  0918 2021  0850 2223  0738 2215  0757       0836       1046 2349  1158 2302  1443 2334  1614 0050  1541 0220  1515 0438  1450 0544
25  0943 2129  0913 2326  0806 2318  0847 0002  0940 0003  1152       1310 2331  1552       1646 0206  1603 0329  1542 0543  1533 0645
26  1006 2233  0938       0839       0944 0049  1045 0034  1300 0012  1425       1650 0037  1713 0321  1624 0436  1613 0649  1623 0740
27  1027 2335  1008 0029  0917 0019  1047 0129  1151 0100  1411 0035  1542 0006  1738 0149  1737 0433  1647 0543  1651 0752  1719 0828
28  1049       1043 0131  1004 0117  1152 0203  1258 0124  1526 0101  1658 0050  1815 0307  1759 0543  1712 0649  1736 0852  1820 0909
29  1112 0037  1124 0230  1057 0208  1259 0232  1406 0147  1646 0133  1805 0147  1846 0426  1821 0651  1741 0755  1829 0946  1922 0942
30  1139 0139             1158 0253  1407 0258  1518 0210  1806 0213  1901 0256  1912 0541  1845 0758  1814 0901  1926 1031  2025 1011
31  1210 0241             1303 0332             1634 0235             1945 0414  1935 0653             1855 1004             2128 1035

                                             Add one hour for daylight time, if and when in use.

</pre>